"","FitsToData","ADmet","Dawson","InVitro","OPERA","Pradeep","Y-Random"
"1,2-Dichloroethane",1.18,0.591,0.491,0.491,0.353,0.491,0.605
"1,4-Dioxane",1.87,1.58,1.48,1.23,1.39,1.48,1.47
"2-Hydroxy-4-methoxybenzophenone",1.44,2.63,2.28,1.8,2.62,2.48,2.34
"2-methylimidazole",1.37,1.23,1.23,1.16,0.989,1.34,1.13
"2-Methyltetrahydrofuran",2.19,0.667,0.667,0.667,0.667,0.667,0.991
"2,4-D",1.5,0.76,0.732,0.608,0.76,0.619,0.767
"4-methylimidazole",1.75,0.286,0.286,0.393,0.507,0.306,0.623
"Alachlor",1.03,2.16,2.45,2.38,2.17,2.69,2.45
"alpha-Thujone",1.47,0.914,0.914,0.914,0.758,0.914,1.12
"Anthraquinone",1.02,1.27,1.29,1.52,1.4,1.27,1.67
"benzo(a)pyrene",1.83,0.906,0.813,0.811,0.818,0.811,0.859
"Benzophenone",0.875,0.731,0.582,0.749,0.717,0.715,0.871
"Bis 2-Chloroethoxy Methane",1.85,0.367,0.367,0.367,0.367,0.367,0.92
"Boscalid",0.947,1.47,1.37,1.76,1.49,1.47,1.41
"Bosentan",1.08,1.32,0.944,0.683,1.05,1.36,0.929
"Bromochloroacetic acid",1.47,0.662,0.662,1.01,0.74,0.631,0.914
"Bromodichloromethane",1.82,0.829,0.829,0.829,0.829,0.829,0.831
"Carbaryl",0.992,1.75,2.07,1.88,1.86,2.05,2.46
"Carbendazim",2.24,1.05,1.11,1.04,1.06,1.04,1.94
"Chloridazon",2.37,0.84,0.789,0.869,0.849,0.709,1.6
"Chlorpyrifos",1.71,2.27,1.96,1.85,2.24,2.14,2.15
"Cyclanilide",2.42,0.678,1.2,0.65,1.62,1.39,1.35
"Cyclosporin A",0.97,0.385,0.579,0.606,0.289,0.38,0.548
"Di-n-butyl phthalate",0.7,0.358,0.359,0.356,0.358,0.355,0.495
"Diazinon-o-analog",2.57,1.22,0.988,1.61,1.41,0.912,1.25
"dichloroacetic acid",0.94,0.637,0.637,0.744,0.731,0.617,0.878
"Diclofenac",0.825,0.548,0.518,0.518,0.562,0.518,0.637
"Dimethenamid",1.38,1.87,1.84,1.81,1.89,1.94,2.9
"DL-Camphor",1.56,0.515,0.515,0.515,0.517,0.515,0.578
"Emodin",1.1,1.09,0.829,1.81,0.859,1.41,1.18
"Etoxazole",1.92,2.6,1.51,1.06,2.6,1.37,1.23
"Fenarimol",0.859,1.13,1.12,0.932,1.12,1.12,1.05
"Flufenacet",1.95,2.09,2.26,2.66,1.97,2.34,2.37
"Fluorotelomer alcohol 8+2",1.97,NA,NA,NA,NA,NA,NA
"Formamide",1.34,0.939,0.939,0.686,0.939,0.999,0.935
"Formetanate hydrochloride",1.1,0.837,0.94,0.655,0.809,0.89,1.64
"Free Carbon disulfide",0.829,NA,NA,NA,NA,NA,NA
"Gemfibrozil",1.06,0.598,0.574,0.91,0.607,0.668,0.912
"Hexachlorobenzene",0.932,NA,NA,NA,NA,NA,NA
"Imazalil",0.999,1.63,1.38,1.44,1.53,1.64,1.37
"Imipramine",0.88,0.705,0.823,1.04,0.58,1.31,1.32
"Isoeugenol",1.2,0.942,1.59,1.09,0.875,1.37,1.25
"methanol",0.688,0.252,0.406,0.0737,0.124,0.552,0.482
"methyl tert-butyl ether",0.767,0.265,0.411,0.411,0.793,0.411,0.809
"Methyleugenol ",1.87,0.801,0.701,0.701,0.701,0.701,1.22
"Naphthalene",1.43,0.435,0.448,0.448,0.436,0.448,0.555
"Nilvadipine",1.33,0.738,1.76,1.09,2.05,1.78,1.92
"Novaluron",1.4,1.01,0.691,0.701,1.01,0.466,0.672
"Ondansetron",1.33,0.944,0.886,0.886,0.92,0.96,1.08
"Oxazepam",0.828,1.52,1.27,1.17,1.36,1.31,1.29
"Oxymetholone",0.729,0.854,1.04,1.34,0.792,1.16,1.41
"Pentachlorophenol, purified",1.12,0.978,0.904,0.753,0.949,0.934,0.95
"Perfluorodecanoic acid",1.25,NA,NA,NA,NA,NA,NA
"perfluorohexane-1-sulphonic acid – potassium salt",2.53,NA,NA,NA,NA,NA,NA
"Permethrin",1.14,0.656,0.589,0.613,0.656,0.72,0.787
"phenacetin",0.985,0.475,0.654,0.719,0.391,0.435,0.839
"Phenolphthalein",1.56,0.898,1.71,1.64,0.907,1.29,1.58
"Phenytoin",0.948,0.697,0.36,0.816,0.72,0.595,0.61
"Potassium Perfluorobutane Sulfonate",2.42,NA,NA,NA,NA,NA,NA
"Primidone",1.96,1.11,1.07,1.34,0.321,1.03,0.973
"Propamocarb hydrochloride",1.56,2.18,2.33,2.01,2.18,2.17,2.6
"propylparaben",1.01,0.724,0.802,0.484,0.713,0.786,1.22
"Propyzamide",2.14,1.13,0.713,0.755,1.12,1.1,1.07
"Pyridine",1.4,0.982,0.982,0.725,1.06,0.922,0.853
"Pyrithiobac sodium",2.5,1.47,0.543,1.31,1.49,0.42,1.07
"Resmethrin",1.08,0.777,0.763,0.614,0.777,0.856,1.01
"S-Bioallethrin",0.87,2.44,1.3,1.25,1.33,1.74,1.31
"Simazine",1.28,1.61,1.63,1.48,1.13,1.64,1.79
"tert-amyl methyl ether",0.846,0.189,0.715,0.715,0.808,0.715,0.586
"tetrachloroethylene",1.39,0.414,0.41,0.41,0.406,0.41,0.975
"Tetralin",2,0.448,0.448,0.448,0.447,0.448,0.993
"trichloroethylene",1.54,0.767,1.54,1.54,0.746,1.54,0.79
"Triclosan",1.62,1.03,0.992,0.969,1.4,0.967,0.921
"Valproic acid",1.67,0.606,0.614,0.644,0.667,0.296,0.743
"Wyeth-14643",0.992,0.908,0.544,0.94,0.818,0.33,0.748
