"Compound"	"DTXSID"	"CAS"	"Species"	"Vd.obs"	"Vd.pred"	"cl.obs"	"cl.pred"	"css.obs"	"css.pred"	"thalf.obs"	"thalf.pred"	"QSPR"	"thalf.RPE"	"Vd.RPE"	"Cl.obs"	"Cl.pred"	"Cl.RPE"	"Css.obs"	"Css.pred"
"Tamoxifen"	"DTXSID1034187"	"10540-29-1"	"rat"	49.9	2.44	527	0.000462	NA	90.2	0.0656	3650	"HTPBTK-InVitro"	55600	-0.951	527	0.000463	-1	0.0019	2160
"Cyclanilide"	"DTXSID5032600"	"113136-77-9"	"rat"	0.307	1.81	3.31	0.412	0.107	0.099	0.235	3.05	"HTPBTK-InVitro"	12	4.9	0.906	0.412	-0.545	1.1	2.43
"Benzophenone"	"DTXSID0021961"	"119-61-9"	"rat"	22.9	2	450	3.12	0.00176	0.0122	0.363	0.444	"HTPBTK-InVitro"	0.222	-0.912	43.6	3.12	-0.928	0.0229	0.32
"Simazine"	"DTXSID4021268"	"122-34-9"	"rat"	2.74	1.55	215	1.68	0.000217	0.0203	0.0088	0.642	"HTPBTK-InVitro"	72	-0.433	215	1.67	-0.992	0.00464	0.598
"Pyrithiobac sodium"	"DTXSID8032673"	"123343-16-8"	"rat"	0.31	0.241	15.5	0.0106	0.0645	3.92	0.148	15.8	"HTPBTK-InVitro"	106	-0.222	1.45	0.0106	-0.993	0.69	94.4
"2-Hydroxy-4-methoxybenzophenone"	"DTXSID3022405"	"131-57-7"	"rat"	26.9	0.747	905	5.95	2.43e-05	0.00679	0.368	0.087	"HTPBTK-InVitro"	-0.764	-0.972	50.5	5.95	-0.882	0.0198	0.168
"Imidacloprid"	"DTXSID5032442"	"138261-41-3"	"rat"	NA	0.941	NA	0.891	NA	0.0392	3.23	0.733	"HTPBTK-InVitro"	-0.773	NA	NA	0.89	NA	NA	1.12
"Flufenacet"	"DTXSID2032552"	"142459-58-3"	"rat"	62.6	3.06	6640	7.28	1.91e-06	0.00381	0.168	0.291	"HTPBTK-InVitro"	0.729	-0.951	258	7.28	-0.972	0.00388	0.137
"Bosentan"	"DTXSID7046627"	"147536-97-8"	"rat"	2.62	0.436	31.3	0.724	0.00854	0.0571	0.0581	0.418	"HTPBTK-InVitro"	6.19	-0.834	31.3	0.723	-0.977	0.032	1.38
"Diclofenac"	"DTXSID6022923"	"15307-86-5"	"rat"	NA	1.42	NA	18.5	NA	0.00219	0.277	0.0533	"HTPBTK-InVitro"	-0.808	NA	NA	18.5	NA	NA	0.0541
"Ibuprofen"	"DTXSID5020732"	"15687-27-1"	"rat"	0.399	0.702	15	2.84	0.00534	0.0145	0.136	0.171	"HTPBTK-InVitro"	0.261	0.76	2.04	2.85	0.395	0.49	0.351
"Alachlor"	"DTXSID1022265"	"15972-60-8"	"rat"	279	4.09	6980	13.8	4.1e-06	0.00155	0.138	0.206	"HTPBTK-InVitro"	0.498	-0.985	1410	13.8	-0.99	0.000711	0.0726
"Chloridazon"	"DTXSID3034872"	"1698-60-8"	"rat"	3.12	0.974	64	0.637	0.0141	0.0599	0.663	1.06	"HTPBTK-InVitro"	0.598	-0.688	3.27	0.637	-0.805	0.306	1.57
"Boscalid"	"DTXSID6034392"	"188425-85-6"	"rat"	53.6	1.01	37.1	5.52	0.00277	0.00688	21.5	0.127	"HTPBTK-InVitro"	-0.994	-0.981	1.72	5.51	2.2	0.58	0.181
"Propyzamide"	"DTXSID2020420"	"23950-58-5"	"rat"	20.1	2.72	347	2.09	0.00288	0.0189	0.207	0.904	"HTPBTK-InVitro"	3.38	-0.864	67.3	2.09	-0.969	0.0148	0.479
"Propamocarb hydrochloride"	"DTXSID6034849"	"25606-41-1"	"rat"	8.1	2.65	487	1.46	1.42e-05	0.0209	0.0115	1.26	"HTPBTK-InVitro"	108	-0.673	487	1.46	-0.997	0.00206	0.686
"S-Bioallethrin"	"DTXSID2039336"	"28434-00-6"	"rat"	65	0.42	2160	65.6	2.75e-05	0.000633	0.151	0.00444	"HTPBTK-InVitro"	-0.971	-0.994	298	65.5	-0.781	0.00335	0.0153
"Alprazolam"	"DTXSID4022577"	"28981-97-7"	"rat"	NA	2.3	NA	0.206	NA	0.2	0.0415	7.73	"HTPBTK-InVitro"	185	NA	NA	0.206	NA	NA	4.86
"Triclosan"	"DTXSID5032498"	"3380-34-5"	"rat"	8.61	2.47	420	28.3	NA	0.0014	0.0142	0.0603	"HTPBTK-InVitro"	3.24	-0.713	420	28.4	-0.932	0.00238	0.0352
"Imipramine"	"DTXSID1043881"	"50-49-7"	"rat"	NA	7.65	NA	25.2	NA	0.000828	0.00521	0.211	"HTPBTK-InVitro"	39.5	NA	NA	25.1	NA	NA	0.0398
"[4-Chloro-6-(2,3-xylidino)-2-pyrimidinylthio]acetic acid"	"DTXSID4020290"	"50892-23-4"	"rat"	1.04	0.204	30.1	2.1	0.0154	0.0197	0.41	0.0673	"HTPBTK-InVitro"	-0.836	-0.803	1.76	2.1	0.199	0.57	0.475
"Permethrin"	"DTXSID8022292"	"52645-53-1"	"rat"	100	4.66	525	813	0.0019	4.96e-05	0.132	0.00396	"HTPBTK-InVitro"	-0.97	-0.953	525	815	0.554	0.00191	0.00123
"5,5-Diphenylhydantoin"	"DTXSID8020541"	"57-41-0"	"rat"	0.355	1.27	217	0.292	0.000526	0.14	0.0378	3.03	"HTPBTK-InVitro"	79.2	2.59	6.51	0.292	-0.955	0.154	3.43
"Midazolam"	"DTXSID5023320"	"59467-70-8"	"human"	0.855	1.33	49.9	2.35	NA	0.0159	0.0296	0.394	"HTPBTK-InVitro"	12.3	0.558	20.1	2.35	-0.883	0.0499	0.426
"Midazolam"	"DTXSID5023320"	"59467-70-8"	"rat"	NA	1.43	NA	3.52	NA	0.011	0.0254	0.282	"HTPBTK-InVitro"	10.1	NA	NA	3.52	NA	NA	0.284
"Phenazone"	"DTXSID6021117"	"60-80-0"	"rat"	12	1.1	118	0.458	NA	0.087	0.0707	1.67	"HTPBTK-InVitro"	22.6	-0.908	118	0.458	-0.996	0.00846	2.18
"Fenarimol"	"DTXSID2032390"	"60168-88-9"	"rat"	18.9	2.37	147	1.63	0.00159	0.025	0.761	1.01	"HTPBTK-InVitro"	0.327	-0.874	17.2	1.63	-0.905	0.0582	0.614
"Oxazepam"	"DTXSID1021087"	"604-75-1"	"rat"	36.8	0.539	11.8	0.99	0.0227	0.0412	40.9	0.377	"HTPBTK-InVitro"	-0.991	-0.985	0.623	0.991	0.59	1.6	1.01
"Phenacetin"	"DTXSID1021116"	"62-44-2"	"human"	1.41	1.44	31.7	1.11	0.0174	0.0207	0.0309	0.899	"HTPBTK-InVitro"	28.1	0.0184	31.7	1.11	-0.965	0.0316	0.901
"Phenacetin"	"DTXSID1021116"	"62-44-2"	"rat"	0.62	1.47	12.8	1.95	0.017	0.0136	0.0337	0.525	"HTPBTK-InVitro"	14.6	1.38	12.8	1.95	-0.847	0.0784	0.514
"1-Naphthalenol, 1-(N-methylcarbamate)"	"DTXSID9020247"	"63-25-2"	"rat"	52	3.08	7600	3.39	1.84e-05	0.00458	0.0153	0.63	"HTPBTK-InVitro"	40.2	-0.941	2360	3.39	-0.999	0.000424	0.295
"Tolbutamide"	"DTXSID8021359"	"64-77-7"	"rat"	0.202	0.227	0.733	0.376	1.36	0.11	0.307	0.418	"HTPBTK-InVitro"	0.361	0.123	0.456	0.376	-0.175	2.19	2.66
"Bensulide"	"DTXSID9032329"	"741-58-2"	"rat"	6.4	1.88	268	120	2.94e-05	0.000234	0.109	0.0109	"HTPBTK-InVitro"	-0.9	-0.706	40.6	120	1.95	0.0246	0.00835
"Nilvadipine"	"DTXSID2046624"	"75530-68-6"	"rat"	14.2	0.367	527	0.00408	0.000192	10.2	0.131	62.4	"HTPBTK-InVitro"	474	-0.974	74.9	0.00408	-1	0.0134	245
"Bisphenol A"	"DTXSID7020182"	"80-05-7"	"rat"	14.2	8.6	427	7.52	0.00021	0.00542	0.32	0.793	"HTPBTK-InVitro"	1.48	-0.396	30.9	7.52	-0.756	0.0324	0.133
"Pentachlorophenol"	"DTXSID7021106"	"87-86-5"	"rat"	0.16	17.3	0.483	2.79	0.978	0.0149	0.638	4.31	"HTPBTK-InVitro"	5.75	107	0.173	2.78	15.1	5.77	0.359
"Propylparaben"	"DTXSID4022527"	"94-13-3"	"rat"	NA	1.76	NA	9.34	NA	0.00309	2.37	0.131	"HTPBTK-InVitro"	-0.945	NA	NA	9.32	NA	NA	0.107
"2,4-Dichlorophenoxyacetic acid"	"DTXSID0020442"	"94-75-7"	"rat"	0.0881	0.339	22.1	0.0127	0.0452	3.28	0.0257	18.5	"HTPBTK-InVitro"	719	2.85	2.38	0.0127	-0.995	0.421	78.8
"Diazoxon"	"DTXSID5037523"	"962-58-3"	"rat"	5.11	1.52	32.8	4.66	0.0227	0.00382	6.16	0.227	"HTPBTK-InVitro"	-0.963	-0.703	0.576	4.64	7.07	1.74	0.215
"Valproic acid"	"DTXSID6023733"	"99-66-1"	"rat"	0.363	0.333	14.1	0.194	NA	0.212	0.288	1.19	"HTPBTK-InVitro"	3.13	-0.0831	0.875	0.194	-0.778	1.14	5.15
"Ondansetron"	"DTXSID8023393"	"99614-02-5"	"rat"	0.345	5.29	478	0.536	6.4e-05	0.0754	0.021	6.86	"HTPBTK-InVitro"	326	14.3	11.4	0.535	-0.953	0.0878	1.87
"Resmethrin"	"DTXSID7022253"	"10453-86-8"	"rat"	141	8.8	5280	616	9.56e-05	5.72e-05	0.334	0.0099	"HTPBTK-ADMET"	-0.97	-0.937	292	616	1.11	0.00342	0.00162
"Tamoxifen"	"DTXSID1034187"	"10540-29-1"	"rat"	49.9	7.56	527	271	NA	2.68e-05	0.0656	0.0194	"HTPBTK-ADMET"	-0.704	-0.848	527	270	-0.487	0.0019	0.0037
"Cyclanilide"	"DTXSID5032600"	"113136-77-9"	"rat"	0.307	0.3	3.31	0.288	0.107	0.144	0.235	0.722	"HTPBTK-ADMET"	2.07	-0.0225	0.906	0.288	-0.682	1.1	3.47
"Novaluron"	"DTXSID5034773"	"116714-46-6"	"rat"	8.97	5.21	26	65.6	0.0276	0.000594	1.64	0.055	"HTPBTK-ADMET"	-0.967	-0.419	3.79	65.7	16.3	0.264	0.0152
"Benzophenone"	"DTXSID0021961"	"119-61-9"	"rat"	22.9	2.33	450	2.04	0.00176	0.019	0.363	0.792	"HTPBTK-ADMET"	1.18	-0.898	43.6	2.04	-0.953	0.0229	0.49
"Simazine"	"DTXSID4021268"	"122-34-9"	"rat"	2.74	1.29	215	3.83	0.000217	0.00726	0.0088	0.233	"HTPBTK-ADMET"	25.5	-0.529	215	3.83	-0.982	0.00464	0.261
"Pyrithiobac sodium"	"DTXSID8032673"	"123343-16-8"	"rat"	0.31	0.213	15.5	1.17	0.0645	0.0354	0.148	0.126	"HTPBTK-ADMET"	-0.15	-0.315	1.45	1.17	-0.193	0.69	0.855
"Primidone"	"DTXSID7023510"	"125-33-7"	"rat"	NA	1.02	NA	2.46	NA	0.0084	0.124	0.289	"HTPBTK-ADMET"	1.33	NA	NA	2.46	NA	NA	0.407
"2-Hydroxy-4-methoxybenzophenone"	"DTXSID3022405"	"131-57-7"	"rat"	26.9	1.97	905	16	2.43e-05	0.00169	0.368	0.0852	"HTPBTK-ADMET"	-0.769	-0.927	50.5	16	-0.684	0.0198	0.0625
"Imidacloprid"	"DTXSID5032442"	"138261-41-3"	"rat"	NA	0.883	NA	0.728	NA	0.0504	3.23	0.841	"HTPBTK-ADMET"	-0.74	NA	NA	0.728	NA	NA	1.37
"Flufenacet"	"DTXSID2032552"	"142459-58-3"	"rat"	62.6	1.23	6640	6.64	1.91e-06	0.00572	0.168	0.129	"HTPBTK-ADMET"	-0.234	-0.98	258	6.61	-0.974	0.00388	0.151
"Bosentan"	"DTXSID7046627"	"147536-97-8"	"rat"	2.62	0.31	31.3	22.8	0.00854	0.00164	0.0581	0.00942	"HTPBTK-ADMET"	-0.838	-0.882	31.3	22.8	-0.271	0.032	0.0439
"Etoxazole"	"DTXSID8034586"	"153233-91-1"	"rat"	23.5	2.06	844	19.4	0.00045	0.0018	0.492	0.0737	"HTPBTK-ADMET"	-0.85	-0.912	33.1	19.4	-0.413	0.0302	0.0515
"Ibuprofen"	"DTXSID5020732"	"15687-27-1"	"rat"	0.399	1.09	15	1.14	0.00534	0.0362	0.136	0.666	"HTPBTK-ADMET"	3.91	1.74	2.04	1.14	-0.442	0.49	0.879
"Alachlor"	"DTXSID1022265"	"15972-60-8"	"rat"	279	3.39	6980	11	4.1e-06	0.00263	0.138	0.213	"HTPBTK-ADMET"	0.549	-0.988	1410	11	-0.992	0.000711	0.0908
"Chloridazon"	"DTXSID3034872"	"1698-60-8"	"rat"	3.12	0.682	64	1.03	0.0141	0.0364	0.663	0.459	"HTPBTK-ADMET"	-0.308	-0.782	3.27	1.03	-0.685	0.306	0.971
"Boscalid"	"DTXSID6034392"	"188425-85-6"	"rat"	53.6	0.729	37.1	3.21	0.00277	0.0126	21.5	0.157	"HTPBTK-ADMET"	-0.993	-0.986	1.72	3.22	0.865	0.58	0.311
"Propyzamide"	"DTXSID2020420"	"23950-58-5"	"rat"	20.1	2.65	347	5.77	0.00288	0.00622	0.207	0.319	"HTPBTK-ADMET"	0.544	-0.868	67.3	5.77	-0.914	0.0148	0.173
"Propamocarb hydrochloride"	"DTXSID6034849"	"25606-41-1"	"rat"	8.1	2.21	487	2.91	1.42e-05	0.00671	0.0115	0.529	"HTPBTK-ADMET"	44.8	-0.727	487	2.9	-0.994	0.00206	0.345
"S-Bioallethrin"	"DTXSID2039336"	"28434-00-6"	"rat"	65	6.26	2160	42.3	2.75e-05	0.000826	0.151	0.103	"HTPBTK-ADMET"	-0.318	-0.904	298	42.1	-0.859	0.00335	0.0237
"Alprazolam"	"DTXSID4022577"	"28981-97-7"	"rat"	NA	1.03	NA	1.84	NA	0.021	0.0415	0.387	"HTPBTK-ADMET"	8.31	NA	NA	1.84	NA	NA	0.542
"Triclosan"	"DTXSID5032498"	"3380-34-5"	"rat"	8.61	3.54	420	12.8	NA	0.00313	0.0142	0.191	"HTPBTK-ADMET"	12.4	-0.589	420	12.8	-0.969	0.00238	0.0779
"Oxymetholone"	"DTXSID5023794"	"434-07-1"	"rat"	4.11	0.757	316	1.08	0.000587	0.0375	0.0663	0.485	"HTPBTK-ADMET"	6.31	-0.816	42.9	1.08	-0.975	0.0233	0.925
"Imipramine"	"DTXSID1043881"	"50-49-7"	"rat"	NA	6.1	NA	11.8	NA	0.00284	0.00521	0.359	"HTPBTK-ADMET"	67.9	NA	NA	11.8	NA	NA	0.0849
"[4-Chloro-6-(2,3-xylidino)-2-pyrimidinylthio]acetic acid"	"DTXSID4020290"	"50892-23-4"	"rat"	1.04	0.218	30.1	0.27	0.0154	0.154	0.41	0.559	"HTPBTK-ADMET"	0.362	-0.79	1.76	0.271	-0.846	0.57	3.69
"Permethrin"	"DTXSID8022292"	"52645-53-1"	"rat"	100	16.4	525	626	0.0019	5.85e-05	0.132	0.0182	"HTPBTK-ADMET"	-0.862	-0.836	525	626	0.194	0.00191	0.0016
"Bromochloroacetic acid"	"DTXSID4024642"	"5589-96-8"	"rat"	1.74	0.811	209	0.165	0.00403	0.252	0.037	3.41	"HTPBTK-ADMET"	91.3	-0.534	32.7	0.165	-0.995	0.0306	6.06
"5,5-Diphenylhydantoin"	"DTXSID8020541"	"57-41-0"	"rat"	0.355	0.861	217	0.209	0.000526	0.198	0.0378	2.85	"HTPBTK-ADMET"	74.5	1.43	6.51	0.21	-0.968	0.154	4.77
"Cyclosporin A"	"DTXSID0020365"	"59865-13-3"	"rat"	1.44	2	20	20.8	NA	0.00011	0.289	0.0666	"HTPBTK-ADMET"	-0.77	0.386	3.46	20.8	5.02	0.289	0.0481
"Phenazone"	"DTXSID6021117"	"60-80-0"	"rat"	12	0.758	118	0.741	NA	0.0496	0.0707	0.709	"HTPBTK-ADMET"	9.03	-0.937	118	0.741	-0.994	0.00846	1.35
"Fenarimol"	"DTXSID2032390"	"60168-88-9"	"rat"	18.9	2.18	147	9.84	0.00159	0.00369	0.761	0.154	"HTPBTK-ADMET"	-0.798	-0.884	17.2	9.82	-0.429	0.0582	0.102
"Oxazepam"	"DTXSID1021087"	"604-75-1"	"rat"	36.8	0.936	11.8	1.23	0.0227	0.0317	40.9	0.529	"HTPBTK-ADMET"	-0.987	-0.975	0.623	1.23	0.968	1.6	0.815
"Phenacetin"	"DTXSID1021116"	"62-44-2"	"human"	1.41	1.14	31.7	0.686	0.0174	0.0476	0.0309	1.15	"HTPBTK-ADMET"	36.2	-0.193	31.7	0.688	-0.978	0.0316	1.45
"Phenacetin"	"DTXSID1021116"	"62-44-2"	"rat"	0.62	1.14	12.8	1.14	0.017	0.0308	0.0337	0.693	"HTPBTK-ADMET"	19.6	0.836	12.8	1.14	-0.911	0.0784	0.878
"1-Naphthalenol, 1-(N-methylcarbamate)"	"DTXSID9020247"	"63-25-2"	"rat"	52	0.945	7600	17.3	1.84e-05	0.000599	0.0153	0.0379	"HTPBTK-ADMET"	1.48	-0.982	2360	17.3	-0.993	0.000424	0.0578
"Dibromoacetic acid"	"DTXSID1023815"	"631-64-1"	"rat"	0.92	0.973	69.2	0.171	0.0145	0.243	0.0775	3.94	"HTPBTK-ADMET"	49.8	0.0571	8.23	0.171	-0.979	0.122	5.84
"Tolbutamide"	"DTXSID8021359"	"64-77-7"	"rat"	0.202	0.242	0.733	2.1	1.36	0.0186	0.307	0.0797	"HTPBTK-ADMET"	-0.74	0.195	0.456	2.1	3.6	2.19	0.476
"2-Methylimidazole"	"DTXSID4022107"	"693-98-1"	"rat"	2.09	2.6	62.7	0.571	0.0159	0.0681	0.0748	3.17	"HTPBTK-ADMET"	41.4	0.247	19.3	0.569	-0.971	0.0517	1.76
"Bensulide"	"DTXSID9032329"	"741-58-2"	"rat"	6.4	3.38	268	44.6	2.94e-05	0.000682	0.109	0.0525	"HTPBTK-ADMET"	-0.52	-0.472	40.6	44.6	0.0997	0.0246	0.0224
"Formamide"	"DTXSID8025337"	"75-12-7"	"rat"	0.767	0.622	0.924	0.199	1.08	0.209	0.575	2.17	"HTPBTK-ADMET"	2.77	-0.189	0.924	0.199	-0.785	1.08	5.03
"Nilvadipine"	"DTXSID2046624"	"75530-68-6"	"rat"	14.2	0.686	527	13.2	0.000192	0.00212	0.131	0.0359	"HTPBTK-ADMET"	-0.727	-0.952	74.9	13.2	-0.823	0.0134	0.0756
"Dichloroacetic acid"	"DTXSID2020428"	"79-43-6"	"rat"	5.57	0.732	5.79	0.154	0.173	0.27	13.4	3.3	"HTPBTK-ADMET"	-0.754	-0.869	0.288	0.154	-0.466	3.47	6.5
"Bisphenol A"	"DTXSID7020182"	"80-05-7"	"rat"	14.2	8.95	427	0.925	0.00021	0.0449	0.32	6.73	"HTPBTK-ADMET"	20.1	-0.371	30.9	0.922	-0.97	0.0324	1.08
"4-Methylimidazole"	"DTXSID9025617"	"822-36-6"	"rat"	3.69	1.73	43.1	0.521	0.0232	0.0752	0.357	2.3	"HTPBTK-ADMET"	5.44	-0.531	7.15	0.521	-0.927	0.14	1.92
"Anthraquinone"	"DTXSID3020095"	"84-65-1"	"rat"	7.66	3.11	176	1.94	0.00236	0.0201	0.218	1.11	"HTPBTK-ADMET"	4.09	-0.595	24.4	1.94	-0.92	0.041	0.515
"Pentachlorophenol"	"DTXSID7021106"	"87-86-5"	"rat"	0.16	2.72	0.483	0.00135	0.978	30.9	0.638	1390	"HTPBTK-ADMET"	2180	16	0.173	0.00135	-0.992	5.77	738
"Propylparaben"	"DTXSID4022527"	"94-13-3"	"rat"	NA	2.58	NA	12.5	NA	0.00107	2.37	0.143	"HTPBTK-ADMET"	-0.94	NA	NA	12.5	NA	NA	0.0799
"2,4-Dichlorophenoxyacetic acid"	"DTXSID0020442"	"94-75-7"	"rat"	0.0881	0.312	22.1	1.38	0.0452	0.0294	0.0257	0.156	"HTPBTK-ADMET"	5.07	2.54	2.38	1.39	-0.417	0.421	0.722
"Diazoxon"	"DTXSID5037523"	"962-58-3"	"rat"	5.11	0.799	32.8	13.7	0.0227	0.00086	6.16	0.0405	"HTPBTK-ADMET"	-0.993	-0.844	0.576	13.7	22.8	1.74	0.0731
"Isoeugenol"	"DTXSID7022413"	"97-54-1"	"rat"	65.5	3.06	1770	6.12	0.000142	0.00416	0.436	0.347	"HTPBTK-ADMET"	-0.204	-0.953	104	6.12	-0.941	0.0096	0.163
"Ondansetron"	"DTXSID8023393"	"99614-02-5"	"rat"	0.345	4.62	478	3.85	6.4e-05	0.00877	0.021	0.831	"HTPBTK-ADMET"	38.6	12.4	11.4	3.85	-0.662	0.0878	0.26
"Resmethrin"	"DTXSID7022253"	"10453-86-8"	"rat"	141	8.73	5280	245	9.56e-05	0.00016	0.334	0.0247	"HTPBTK-Dawson"	-0.926	-0.938	292	245	-0.161	0.00342	0.00408
"Tamoxifen"	"DTXSID1034187"	"10540-29-1"	"rat"	49.9	4.27	527	191	NA	0.000156	0.0656	0.0155	"HTPBTK-Dawson"	-0.764	-0.914	527	191	-0.637	0.0019	0.00523
"Cyclanilide"	"DTXSID5032600"	"113136-77-9"	"rat"	0.307	0.866	3.31	1.57	0.107	0.022	0.235	0.383	"HTPBTK-Dawson"	0.63	1.82	0.906	1.57	0.731	1.1	0.638
"Novaluron"	"DTXSID5034773"	"116714-46-6"	"rat"	8.97	5.62	26	59.3	0.0276	0.000657	1.64	0.0654	"HTPBTK-Dawson"	-0.96	-0.374	3.79	59.6	14.7	0.264	0.0168
"Benzophenone"	"DTXSID0021961"	"119-61-9"	"rat"	22.9	1.95	450	6.68	0.00176	0.00514	0.363	0.202	"HTPBTK-Dawson"	-0.444	-0.915	43.6	6.68	-0.847	0.0229	0.15
"C.I. Solvent Red 1"	"DTXSID3061635"	"1229-55-6"	"rat"	NA	0.64	NA	6.47	NA	0.00585	0.00146	0.0686	"HTPBTK-Dawson"	46.1	NA	NA	6.47	NA	NA	0.154
"Pyrithiobac sodium"	"DTXSID8032673"	"123343-16-8"	"rat"	0.31	0.355	15.5	1.68	0.0645	0.0222	0.148	0.147	"HTPBTK-Dawson"	-0.00877	0.145	1.45	1.68	0.155	0.69	0.597
"Primidone"	"DTXSID7023510"	"125-33-7"	"rat"	NA	0.716	NA	1.54	NA	0.0214	0.124	0.322	"HTPBTK-Dawson"	1.59	NA	NA	1.54	NA	NA	0.649
"2-Hydroxy-4-methoxybenzophenone"	"DTXSID3022405"	"131-57-7"	"rat"	26.9	1.42	905	7.55	2.43e-05	0.00494	0.368	0.13	"HTPBTK-Dawson"	-0.647	-0.947	50.5	7.57	-0.85	0.0198	0.132
"Imidacloprid"	"DTXSID5032442"	"138261-41-3"	"rat"	NA	0.87	NA	1.48	NA	0.0202	3.23	0.408	"HTPBTK-Dawson"	-0.874	NA	NA	1.48	NA	NA	0.676
"Flufenacet"	"DTXSID2032552"	"142459-58-3"	"rat"	62.6	2.56	6640	6.29	1.91e-06	0.0051	0.168	0.282	"HTPBTK-Dawson"	0.676	-0.959	258	6.29	-0.976	0.00388	0.159
"Bosentan"	"DTXSID7046627"	"147536-97-8"	"rat"	2.62	0.455	31.3	6.34	0.00854	0.00608	0.0581	0.0499	"HTPBTK-Dawson"	-0.141	-0.826	31.3	6.32	-0.798	0.032	0.158
"Diclofenac"	"DTXSID6022923"	"15307-86-5"	"rat"	NA	1.51	NA	6.2	NA	0.00666	0.277	0.169	"HTPBTK-Dawson"	-0.39	NA	NA	6.2	NA	NA	0.161
"Etoxazole"	"DTXSID8034586"	"153233-91-1"	"rat"	23.5	1.32	844	10.3	0.00045	0.00387	0.492	0.0886	"HTPBTK-Dawson"	-0.82	-0.944	33.1	10.3	-0.689	0.0302	0.0971
"Ibuprofen"	"DTXSID5020732"	"15687-27-1"	"rat"	0.399	1.02	15	5.93	0.00534	0.00675	0.136	0.12	"HTPBTK-Dawson"	-0.115	1.57	2.04	5.91	1.9	0.49	0.169
"Alachlor"	"DTXSID1022265"	"15972-60-8"	"rat"	279	3.76	6980	7.16	4.1e-06	0.0045	0.138	0.365	"HTPBTK-Dawson"	1.65	-0.987	1410	7.14	-0.995	0.000711	0.14
"Chloridazon"	"DTXSID3034872"	"1698-60-8"	"rat"	3.12	0.692	64	1.6	0.0141	0.0218	0.663	0.3	"HTPBTK-Dawson"	-0.548	-0.778	3.27	1.6	-0.51	0.306	0.625
"Boscalid"	"DTXSID6034392"	"188425-85-6"	"rat"	53.6	1.11	37.1	6.68	0.00277	0.00547	21.5	0.116	"HTPBTK-Dawson"	-0.995	-0.979	1.72	6.65	2.86	0.58	0.15
"Propyzamide"	"DTXSID2020420"	"23950-58-5"	"rat"	20.1	2.46	347	7.47	0.00288	0.00467	0.207	0.229	"HTPBTK-Dawson"	0.108	-0.877	67.3	7.46	-0.889	0.0148	0.134
"Propamocarb hydrochloride"	"DTXSID6034849"	"25606-41-1"	"rat"	8.1	2.08	487	0.189	1.42e-05	0.22	0.0115	7.63	"HTPBTK-Dawson"	660	-0.743	487	0.189	-1	0.00206	5.29
"S-Bioallethrin"	"DTXSID2039336"	"28434-00-6"	"rat"	65	6.45	2160	26.4	2.75e-05	0.00141	0.151	0.169	"HTPBTK-Dawson"	0.118	-0.901	298	26.5	-0.911	0.00335	0.0378
"Alprazolam"	"DTXSID4022577"	"28981-97-7"	"rat"	NA	1.65	NA	1.73	NA	0.0213	0.0415	0.66	"HTPBTK-Dawson"	14.9	NA	NA	1.74	NA	NA	0.576
"Ephedrine"	"DTXSID0022985"	"299-42-3"	"rat"	14.5	3.53	313	1.61	0.00216	0.0204	0.134	1.52	"HTPBTK-Dawson"	10.3	-0.757	75.1	1.61	-0.979	0.0133	0.621
"Triclosan"	"DTXSID5032498"	"3380-34-5"	"rat"	8.61	2.99	420	21.9	NA	0.00181	0.0142	0.0947	"HTPBTK-Dawson"	5.66	-0.653	420	21.9	-0.948	0.00238	0.0457
"Diltiazem"	"DTXSID50881104"	"34933-06-7"	"rat"	7.01	3.07	135	1.86	0.00741	0.0198	0.0359	1.14	"HTPBTK-Dawson"	30.8	-0.562	135	1.87	-0.986	0.00738	0.536
"Oxymetholone"	"DTXSID5023794"	"434-07-1"	"rat"	4.11	1.05	316	5.15	0.000587	0.00603	0.0663	0.141	"HTPBTK-Dawson"	1.13	-0.745	42.9	5.15	-0.88	0.0233	0.194
"Imipramine"	"DTXSID1043881"	"50-49-7"	"rat"	NA	7.45	NA	19.4	NA	0.00134	0.00521	0.266	"HTPBTK-Dawson"	50.1	NA	NA	19.4	NA	NA	0.0515
"[4-Chloro-6-(2,3-xylidino)-2-pyrimidinylthio]acetic acid"	"DTXSID4020290"	"50892-23-4"	"rat"	1.04	0.29	30.1	1.7	0.0154	0.0236	0.41	0.118	"HTPBTK-Dawson"	-0.712	-0.72	1.76	1.71	-0.0278	0.57	0.586
"Permethrin"	"DTXSID8022292"	"52645-53-1"	"rat"	100	12.7	525	250	0.0019	0.000161	0.132	0.0352	"HTPBTK-Dawson"	-0.734	-0.873	525	250	-0.523	0.00191	0.004
"5,5-Diphenylhydantoin"	"DTXSID8020541"	"57-41-0"	"rat"	0.355	1.11	217	4.9	0.000526	0.00607	0.0378	0.158	"HTPBTK-Dawson"	3.18	2.14	6.51	4.88	-0.251	0.154	0.205
"Midazolam"	"DTXSID5023320"	"59467-70-8"	"human"	0.855	1.56	49.9	1.26	NA	0.031	0.0296	0.859	"HTPBTK-Dawson"	28.1	0.826	20.1	1.26	-0.937	0.0499	0.793
"Midazolam"	"DTXSID5023320"	"59467-70-8"	"rat"	NA	1.7	NA	1.87	NA	0.0212	0.0254	0.63	"HTPBTK-Dawson"	23.8	NA	NA	1.87	NA	NA	0.535
"Phenazone"	"DTXSID6021117"	"60-80-0"	"rat"	12	0.734	118	1.48	NA	0.0207	0.0707	0.343	"HTPBTK-Dawson"	3.85	-0.939	118	1.48	-0.987	0.00846	0.675
"Fenarimol"	"DTXSID2032390"	"60168-88-9"	"rat"	18.9	1.53	147	9	0.00159	0.0043	0.761	0.118	"HTPBTK-Dawson"	-0.845	-0.919	17.2	8.98	-0.477	0.0582	0.111
"Oxazepam"	"DTXSID1021087"	"604-75-1"	"rat"	36.8	0.654	11.8	1.83	0.0227	0.0215	40.9	0.248	"HTPBTK-Dawson"	-0.994	-0.982	0.623	1.83	1.93	1.6	0.547
"Phenacetin"	"DTXSID1021116"	"62-44-2"	"human"	1.41	1.01	31.7	0.97	0.0174	0.0315	0.0309	0.719	"HTPBTK-Dawson"	22.2	-0.289	31.7	0.97	-0.969	0.0316	1.03
"Phenacetin"	"DTXSID1021116"	"62-44-2"	"rat"	0.62	0.994	12.8	1.59	0.017	0.0211	0.0337	0.433	"HTPBTK-Dawson"	11.8	0.603	12.8	1.59	-0.875	0.0784	0.628
"1-Naphthalenol, 1-(N-methylcarbamate)"	"DTXSID9020247"	"63-25-2"	"rat"	52	1.49	7600	4.44	1.84e-05	0.00601	0.0153	0.232	"HTPBTK-Dawson"	14.2	-0.971	2360	4.44	-0.998	0.000424	0.225
"Tolbutamide"	"DTXSID8021359"	"64-77-7"	"rat"	0.202	0.337	0.733	4.09	1.36	0.00654	0.307	0.0573	"HTPBTK-Dawson"	-0.813	0.666	0.456	4.07	7.93	2.19	0.246
"2-Methylimidazole"	"DTXSID4022107"	"693-98-1"	"rat"	2.09	1.89	62.7	0.2	0.0159	0.208	0.0748	6.54	"HTPBTK-Dawson"	86.4	-0.0939	19.3	0.201	-0.99	0.0517	4.99
"Bensulide"	"DTXSID9032329"	"741-58-2"	"rat"	6.4	2.49	268	14.4	2.94e-05	0.00272	0.109	0.12	"HTPBTK-Dawson"	0.0969	-0.611	40.6	14.4	-0.645	0.0246	0.0694
"Nilvadipine"	"DTXSID2046624"	"75530-68-6"	"rat"	14.2	0.963	527	1.83	0.000192	0.021	0.131	0.365	"HTPBTK-Dawson"	1.78	-0.932	74.9	1.83	-0.976	0.0134	0.547
"Bisphenol A"	"DTXSID7020182"	"80-05-7"	"rat"	14.2	9.45	427	8.17	0.00021	0.00497	0.32	0.802	"HTPBTK-Dawson"	1.51	-0.336	30.9	8.17	-0.735	0.0324	0.122
"4-Methylimidazole"	"DTXSID9025617"	"822-36-6"	"rat"	3.69	1.27	43.1	0.202	0.0232	0.206	0.357	4.36	"HTPBTK-Dawson"	11.2	-0.655	7.15	0.202	-0.972	0.14	4.95
"Anthraquinone"	"DTXSID3020095"	"84-65-1"	"rat"	7.66	2.6	176	7.17	0.00236	0.00475	0.218	0.252	"HTPBTK-Dawson"	0.156	-0.66	24.4	7.17	-0.706	0.041	0.14
"Propylparaben"	"DTXSID4022527"	"94-13-3"	"rat"	NA	2.02	NA	5.9	NA	0.00541	2.37	0.237	"HTPBTK-Dawson"	-0.9	NA	NA	5.9	NA	NA	0.169
"Diazoxon"	"DTXSID5037523"	"962-58-3"	"rat"	5.11	1.44	32.8	3.82	0.0227	0.0061	6.16	0.262	"HTPBTK-Dawson"	-0.957	-0.718	0.576	3.82	5.64	1.74	0.262
"Isoeugenol"	"DTXSID7022413"	"97-54-1"	"rat"	65.5	1.27	1770	6.74	0.000142	0.00537	0.436	0.13	"HTPBTK-Dawson"	-0.702	-0.981	104	6.76	-0.935	0.0096	0.148
"Valproic acid"	"DTXSID6023733"	"99-66-1"	"rat"	0.363	0.381	14.1	0.0999	NA	0.417	0.288	2.65	"HTPBTK-Dawson"	8.2	0.0495	0.875	0.0998	-0.886	1.14	10
"Ondansetron"	"DTXSID8023393"	"99614-02-5"	"rat"	0.345	4.01	478	6.12	6.4e-05	0.00508	0.021	0.453	"HTPBTK-Dawson"	20.6	10.6	11.4	6.14	-0.461	0.0878	0.163
"Resmethrin"	"DTXSID7022253"	"10453-86-8"	"rat"	141	8.69	5280	163	9.56e-05	0.000246	0.334	0.0369	"HTPBTK-Pradeep"	-0.889	-0.938	292	163	-0.441	0.00342	0.00613
"Tamoxifen"	"DTXSID1034187"	"10540-29-1"	"rat"	49.9	5.62	527	96	NA	0.000346	0.0656	0.0405	"HTPBTK-Pradeep"	-0.383	-0.887	527	96.2	-0.817	0.0019	0.0104
"Cyclanilide"	"DTXSID5032600"	"113136-77-9"	"rat"	0.307	1.11	3.31	2.21	0.107	0.0129	0.235	0.348	"HTPBTK-Pradeep"	0.481	2.62	0.906	2.21	1.44	1.1	0.452
"Novaluron"	"DTXSID5034773"	"116714-46-6"	"rat"	8.97	5.34	26	12.3	0.0276	0.00334	1.64	0.3	"HTPBTK-Pradeep"	-0.817	-0.405	3.79	12.3	2.26	0.264	0.0811
"Pyrithiobac sodium"	"DTXSID8032673"	"123343-16-8"	"rat"	0.31	0.309	15.5	2.65	0.0645	0.0139	0.148	0.0808	"HTPBTK-Pradeep"	-0.455	-0.00516	1.45	2.65	0.826	0.69	0.378
"Primidone"	"DTXSID7023510"	"125-33-7"	"rat"	NA	0.804	NA	1.28	NA	0.0262	0.124	0.436	"HTPBTK-Pradeep"	2.51	NA	NA	1.28	NA	NA	0.782
"2-Hydroxy-4-methoxybenzophenone"	"DTXSID3022405"	"131-57-7"	"rat"	26.9	1	905	5.95	2.43e-05	0.00666	0.368	0.116	"HTPBTK-Pradeep"	-0.685	-0.963	50.5	5.98	-0.882	0.0198	0.167
"Imidacloprid"	"DTXSID5032442"	"138261-41-3"	"rat"	NA	0.99	NA	1.17	NA	0.0271	3.23	0.587	"HTPBTK-Pradeep"	-0.818	NA	NA	1.17	NA	NA	0.856
"Flufenacet"	"DTXSID2032552"	"142459-58-3"	"rat"	62.6	2.62	6640	5.07	1.91e-06	0.00665	0.168	0.357	"HTPBTK-Pradeep"	1.12	-0.958	258	5.08	-0.98	0.00388	0.197
"Bosentan"	"DTXSID7046627"	"147536-97-8"	"rat"	2.62	0.378	31.3	1.19	0.00854	0.0348	0.0581	0.221	"HTPBTK-Pradeep"	2.8	-0.856	31.3	1.19	-0.962	0.032	0.842
"Etoxazole"	"DTXSID8034586"	"153233-91-1"	"rat"	23.5	2.47	844	7.06	0.00045	0.00546	0.492	0.242	"HTPBTK-Pradeep"	-0.508	-0.895	33.1	7.07	-0.786	0.0302	0.142
"Ibuprofen"	"DTXSID5020732"	"15687-27-1"	"rat"	0.399	0.818	15	1.97	0.00534	0.0209	0.136	0.288	"HTPBTK-Pradeep"	1.12	1.05	2.04	1.97	-0.0345	0.49	0.508
"Alachlor"	"DTXSID1022265"	"15972-60-8"	"rat"	279	2.42	6980	6.96	4.1e-06	0.00525	0.138	0.242	"HTPBTK-Pradeep"	0.76	-0.991	1410	6.95	-0.995	0.000711	0.144
"Chloridazon"	"DTXSID3034872"	"1698-60-8"	"rat"	3.12	0.921	64	1.76	0.0141	0.0175	0.663	0.363	"HTPBTK-Pradeep"	-0.453	-0.705	3.27	1.76	-0.461	0.306	0.568
"Boscalid"	"DTXSID6034392"	"188425-85-6"	"rat"	53.6	1.14	37.1	4.37	0.00277	0.00873	21.5	0.181	"HTPBTK-Pradeep"	-0.992	-0.979	1.72	4.37	1.54	0.58	0.229
"Alprazolam"	"DTXSID4022577"	"28981-97-7"	"rat"	NA	1.6	NA	1.79	NA	0.0207	0.0415	0.619	"HTPBTK-Pradeep"	13.9	NA	NA	1.79	NA	NA	0.56
"Triclosan"	"DTXSID5032498"	"3380-34-5"	"rat"	8.61	3.5	420	16.5	NA	0.00241	0.0142	0.147	"HTPBTK-Pradeep"	9.34	-0.594	420	16.5	-0.961	0.00238	0.0606
"Oxymetholone"	"DTXSID5023794"	"434-07-1"	"rat"	4.11	0.744	316	4.35	0.000587	0.00836	0.0663	0.118	"HTPBTK-Pradeep"	0.779	-0.819	42.9	4.37	-0.898	0.0233	0.229
"Imipramine"	"DTXSID1043881"	"50-49-7"	"rat"	NA	7.24	NA	3.66	NA	0.0106	0.00521	1.37	"HTPBTK-Pradeep"	262	NA	NA	3.66	NA	NA	0.273
"[4-Chloro-6-(2,3-xylidino)-2-pyrimidinylthio]acetic acid"	"DTXSID4020290"	"50892-23-4"	"rat"	1.04	0.342	30.1	2.34	0.0154	0.0164	0.41	0.101	"HTPBTK-Pradeep"	-0.754	-0.671	1.76	2.35	0.338	0.57	0.426
"Bromochloroacetic acid"	"DTXSID4024642"	"5589-96-8"	"rat"	1.74	0.743	209	1.88	0.00403	0.0155	0.037	0.274	"HTPBTK-Pradeep"	6.41	-0.573	32.7	1.88	-0.942	0.0306	0.532
"5,5-Diphenylhydantoin"	"DTXSID8020541"	"57-41-0"	"rat"	0.355	1.25	217	0.995	0.000526	0.0391	0.0378	0.868	"HTPBTK-Pradeep"	22	2.51	6.51	0.994	-0.847	0.154	1.01
"Cyclosporin A"	"DTXSID0020365"	"59865-13-3"	"rat"	1.44	2.24	20	1.3	NA	0.0299	0.289	1.2	"HTPBTK-Pradeep"	3.15	0.555	3.46	1.3	-0.626	0.289	0.772
"Phenazone"	"DTXSID6021117"	"60-80-0"	"rat"	12	0.99	118	1.85	NA	0.0125	0.0707	0.371	"HTPBTK-Pradeep"	4.25	-0.918	118	1.85	-0.984	0.00846	0.541
"Oxazepam"	"DTXSID1021087"	"604-75-1"	"rat"	36.8	0.761	11.8	1.05	0.0227	0.038	40.9	0.502	"HTPBTK-Pradeep"	-0.988	-0.979	0.623	1.05	0.686	1.6	0.951
"Phenacetin"	"DTXSID1021116"	"62-44-2"	"human"	1.41	1.36	31.7	1.3	0.0174	0.016	0.0309	0.724	"HTPBTK-Pradeep"	22.4	-0.0403	31.7	1.3	-0.959	0.0316	0.77
"Phenacetin"	"DTXSID1021116"	"62-44-2"	"rat"	0.62	1.38	12.8	2.3	0.017	0.0107	0.0337	0.415	"HTPBTK-Pradeep"	11.3	1.22	12.8	2.3	-0.819	0.0784	0.434
"1-Naphthalenol, 1-(N-methylcarbamate)"	"DTXSID9020247"	"63-25-2"	"rat"	52	1.59	7600	4.25	1.84e-05	0.00615	0.0153	0.259	"HTPBTK-Pradeep"	15.9	-0.969	2360	4.25	-0.998	0.000424	0.235
"Dibromoacetic acid"	"DTXSID1023815"	"631-64-1"	"rat"	0.92	0.533	69.2	1.84	0.0145	0.0192	0.0775	0.201	"HTPBTK-Pradeep"	1.59	-0.42	8.23	1.84	-0.777	0.122	0.544
"Tolbutamide"	"DTXSID8021359"	"64-77-7"	"rat"	0.202	0.233	0.733	1.58	1.36	0.0254	0.307	0.102	"HTPBTK-Pradeep"	-0.668	0.151	0.456	1.58	2.47	2.19	0.632
"2-Methylimidazole"	"DTXSID4022107"	"693-98-1"	"rat"	2.09	2.44	62.7	1.51	0.0159	0.0191	0.0748	1.12	"HTPBTK-Pradeep"	14	0.168	19.3	1.51	-0.922	0.0517	0.662
"Bensulide"	"DTXSID9032329"	"741-58-2"	"rat"	6.4	1.92	268	6.31	2.94e-05	0.00649	0.109	0.211	"HTPBTK-Pradeep"	0.929	-0.7	40.6	6.31	-0.845	0.0246	0.158
"Formamide"	"DTXSID8025337"	"75-12-7"	"rat"	0.767	0.822	0.924	1.27	1.08	0.0219	0.575	0.45	"HTPBTK-Pradeep"	-0.218	0.0721	0.924	1.27	0.37	1.08	0.79
"Nilvadipine"	"DTXSID2046624"	"75530-68-6"	"rat"	14.2	0.656	527	3.89	0.000192	0.00974	0.131	0.117	"HTPBTK-Pradeep"	-0.109	-0.954	74.9	3.89	-0.948	0.0134	0.257
"Dichloroacetic acid"	"DTXSID2020428"	"79-43-6"	"rat"	5.57	0.821	5.79	1.82	0.173	0.0149	13.4	0.312	"HTPBTK-Pradeep"	-0.977	-0.853	0.288	1.82	5.33	3.47	0.548
"Bisphenol A"	"DTXSID7020182"	"80-05-7"	"rat"	14.2	6.69	427	6.76	0.00021	0.00606	0.32	0.686	"HTPBTK-Pradeep"	1.15	-0.53	30.9	6.76	-0.781	0.0324	0.148
"4-Methylimidazole"	"DTXSID9025617"	"822-36-6"	"rat"	3.69	1.61	43.1	1.47	0.0232	0.019	0.357	0.761	"HTPBTK-Pradeep"	1.13	-0.562	7.15	1.47	-0.794	0.14	0.68
"Pentachlorophenol"	"DTXSID7021106"	"87-86-5"	"rat"	0.16	7.26	0.483	3.68	0.978	0.0113	0.638	1.37	"HTPBTK-Pradeep"	1.15	44.5	0.173	3.68	20.2	5.77	0.272
"Propylparaben"	"DTXSID4022527"	"94-13-3"	"rat"	NA	1.64	NA	8.69	NA	0.00355	2.37	0.131	"HTPBTK-Pradeep"	-0.945	NA	NA	8.66	NA	NA	0.116
"2,4-Dichlorophenoxyacetic acid"	"DTXSID0020442"	"94-75-7"	"rat"	0.0881	0.297	22.1	1.47	0.0452	0.0277	0.0257	0.14	"HTPBTK-Pradeep"	4.45	2.37	2.38	1.47	-0.382	0.421	0.681
"Diazoxon"	"DTXSID5037523"	"962-58-3"	"rat"	5.11	1.39	32.8	3.55	0.0227	0.00715	6.16	0.272	"HTPBTK-Pradeep"	-0.956	-0.728	0.576	3.54	5.15	1.74	0.282
"Isoeugenol"	"DTXSID7022413"	"97-54-1"	"rat"	65.5	2.29	1770	4.69	0.000142	0.00706	0.436	0.338	"HTPBTK-Pradeep"	-0.225	-0.965	104	4.69	-0.955	0.0096	0.213
"Valproic acid"	"DTXSID6023733"	"99-66-1"	"rat"	0.363	0.276	14.1	3.24	NA	0.0103	0.288	0.0587	"HTPBTK-Pradeep"	-0.796	-0.242	0.875	3.25	2.72	1.14	0.307
"Ondansetron"	"DTXSID8023393"	"99614-02-5"	"rat"	0.345	4.4	478	0.77	6.4e-05	0.0522	0.021	3.96	"HTPBTK-Pradeep"	188	11.7	11.4	0.77	-0.932	0.0878	1.3
"C.I. Solvent Red 1"	"DTXSID3061635"	"1229-55-6"	"rat"	NA	0.399	NA	4.62	NA	0.00879	0.00146	0.0598	"HTPBTK-OPERA"	40.1	NA	NA	4.62	NA	NA	0.216
"Thiodiglycolic acid"	"DTXSID1051432"	"123-93-3"	"rat"	2.14	0.663	133	0.152	NA	0.274	0.138	3.03	"HTPBTK-OPERA"	20.9	-0.691	10.7	0.152	-0.986	0.0932	6.59
"Primidone"	"DTXSID7023510"	"125-33-7"	"rat"	NA	1.21	NA	0.26	NA	0.16	0.124	3.22	"HTPBTK-OPERA"	24.9	NA	NA	0.26	NA	NA	3.85
"1-Chloro-2-propanol"	"DTXSID5020285"	"127-00-4"	"rat"	NA	1.13	NA	0.659	NA	0.0565	0.017	1.19	"HTPBTK-OPERA"	69.1	NA	NA	0.659	NA	NA	1.52
"Diclofenac"	"DTXSID6022923"	"15307-86-5"	"rat"	NA	2.25	NA	13.5	NA	0.003	0.277	0.116	"HTPBTK-OPERA"	-0.581	NA	NA	13.5	NA	NA	0.0742
"S-Bioallethrin"	"DTXSID2039336"	"28434-00-6"	"rat"	65	7.08	2160	13.9	2.75e-05	0.00281	0.151	0.354	"HTPBTK-OPERA"	1.34	-0.891	298	13.9	-0.954	0.00335	0.0721
"Ephedrine"	"DTXSID0022985"	"299-42-3"	"rat"	14.5	5.14	313	1.39	0.00216	0.0239	0.134	2.56	"HTPBTK-OPERA"	18.1	-0.646	75.1	1.39	-0.981	0.0133	0.719
"Diltiazem"	"DTXSID50881104"	"34933-06-7"	"rat"	7.01	3.01	135	3.54	0.00741	0.00914	0.0359	0.587	"HTPBTK-OPERA"	15.4	-0.571	135	3.55	-0.974	0.00738	0.282
"Oxymetholone"	"DTXSID5023794"	"434-07-1"	"rat"	4.11	1.38	316	5.02	0.000587	0.00532	0.0663	0.19	"HTPBTK-OPERA"	1.86	-0.665	42.9	5.02	-0.883	0.0233	0.199
"Oxoacetic acid--water (1/1)"	"DTXSID30575892"	"563-96-2"	"rat"	0.549	0.854	243	1.02	NA	0.0311	0.00587	0.582	"HTPBTK-OPERA"	98.1	0.556	64.7	1.02	-0.984	0.0154	0.983
"Cyclosporin A"	"DTXSID0020365"	"59865-13-3"	"rat"	1.44	1.52	20	1.67	NA	0.0237	0.289	0.63	"HTPBTK-OPERA"	1.18	0.0534	3.46	1.67	-0.517	0.289	0.598
"2-Methylimidazole"	"DTXSID4022107"	"693-98-1"	"rat"	2.09	2.55	62.7	0.313	0.0159	0.133	0.0748	5.64	"HTPBTK-OPERA"	74.4	0.221	19.3	0.313	-0.984	0.0517	3.19
"Nilvadipine"	"DTXSID2046624"	"75530-68-6"	"rat"	14.2	0.333	527	9.1	0.000192	0.00435	0.131	0.0254	"HTPBTK-OPERA"	-0.807	-0.977	74.9	9.09	-0.879	0.0134	0.11
"4-Methylimidazole"	"DTXSID9025617"	"822-36-6"	"rat"	3.69	1.64	43.1	0.302	0.0232	0.138	0.357	3.77	"HTPBTK-OPERA"	9.55	-0.556	7.15	0.301	-0.958	0.14	3.32
"Anthraquinone"	"DTXSID3020095"	"84-65-1"	"rat"	7.66	1.65	176	11	0.00236	0.00321	0.218	0.104	"HTPBTK-OPERA"	-0.523	-0.784	24.4	11	-0.548	0.041	0.0908
"Valproic acid"	"DTXSID6023733"	"99-66-1"	"rat"	0.363	0.295	14.1	0.148	NA	0.279	0.288	1.38	"HTPBTK-OPERA"	3.79	-0.187	0.875	0.148	-0.83	1.14	6.74
"Resmethrin"	"DTXSID7022253"	"10453-86-8"	"rat"	141	4.07	5280	1070	9.56e-05	3.52e-05	0.334	0.00264	"HTPBTK-Ensemble"	-0.992	-0.971	292	1070	2.66	0.00342	0.000936
"Tamoxifen"	"DTXSID1034187"	"10540-29-1"	"rat"	49.9	0.821	527	1310	NA	2.58e-05	0.0656	0.000433	"HTPBTK-Ensemble"	-0.993	-0.984	527	1310	1.5	0.0019	0.000761
"Cyclanilide"	"DTXSID5032600"	"113136-77-9"	"rat"	0.307	0.658	3.31	4.31	0.107	0.00626	0.235	0.106	"HTPBTK-Ensemble"	-0.549	1.14	0.906	4.3	3.75	1.1	0.232
"Novaluron"	"DTXSID5034773"	"116714-46-6"	"rat"	8.97	1.14	26	71.6	0.0276	0.000577	1.64	0.011	"HTPBTK-Ensemble"	-0.993	-0.873	3.79	71.6	17.9	0.264	0.014
"Benzophenone"	"DTXSID0021961"	"119-61-9"	"rat"	22.9	2.12	450	13.1	0.00176	0.00195	0.363	0.112	"HTPBTK-Ensemble"	-0.692	-0.907	43.6	13.1	-0.7	0.0229	0.0764
"Simazine"	"DTXSID4021268"	"122-34-9"	"rat"	2.74	1.39	215	4.87	0.000217	0.00457	0.0088	0.197	"HTPBTK-Ensemble"	21.4	-0.493	215	4.88	-0.977	0.00464	0.205
"C.I. Solvent Red 1"	"DTXSID3061635"	"1229-55-6"	"rat"	NA	0.499	NA	17.3	NA	0.00204	0.00146	0.02	"HTPBTK-Ensemble"	12.7	NA	NA	17.3	NA	NA	0.0578
"Thiodiglycolic acid"	"DTXSID1051432"	"123-93-3"	"rat"	2.14	0.663	133	3.21	NA	0.00556	0.138	0.143	"HTPBTK-Ensemble"	0.0325	-0.691	10.7	3.21	-0.701	0.0932	0.311
"Pyrithiobac sodium"	"DTXSID8032673"	"123343-16-8"	"rat"	0.31	0.26	15.5	2.77	0.0645	0.014	0.148	0.0654	"HTPBTK-Ensemble"	-0.559	-0.161	1.45	2.76	0.902	0.69	0.362
"Primidone"	"DTXSID7023510"	"125-33-7"	"rat"	NA	0.958	NA	2.58	NA	0.00815	0.124	0.258	"HTPBTK-Ensemble"	1.08	NA	NA	2.57	NA	NA	0.388
"1-Chloro-2-propanol"	"DTXSID5020285"	"127-00-4"	"rat"	NA	1.13	NA	2.93	NA	0.00387	0.017	0.268	"HTPBTK-Ensemble"	14.8	NA	NA	2.93	NA	NA	0.342
"2-Hydroxy-4-methoxybenzophenone"	"DTXSID3022405"	"131-57-7"	"rat"	26.9	1.21	905	19.5	2.43e-05	0.00168	0.368	0.0431	"HTPBTK-Ensemble"	-0.883	-0.955	50.5	19.5	-0.615	0.0198	0.0514
"Imidacloprid"	"DTXSID5032442"	"138261-41-3"	"rat"	NA	0.917	NA	1.47	NA	0.02	3.23	0.433	"HTPBTK-Ensemble"	-0.866	NA	NA	1.47	NA	NA	0.681
"Flufenacet"	"DTXSID2032552"	"142459-58-3"	"rat"	62.6	2.05	6640	10.9	1.91e-06	0.0027	0.168	0.13	"HTPBTK-Ensemble"	-0.228	-0.967	258	10.9	-0.958	0.00388	0.0916
"Bosentan"	"DTXSID7046627"	"147536-97-8"	"rat"	2.62	0.372	31.3	21.3	0.00854	0.00165	0.0581	0.0121	"HTPBTK-Ensemble"	-0.792	-0.858	31.3	21.3	-0.318	0.032	0.0469
"Diclofenac"	"DTXSID6022923"	"15307-86-5"	"rat"	NA	1.84	NA	21.4	NA	0.00187	0.277	0.0598	"HTPBTK-Ensemble"	-0.784	NA	NA	21.4	NA	NA	0.0468
"Etoxazole"	"DTXSID8034586"	"153233-91-1"	"rat"	23.5	0.314	844	23.7	0.00045	0.00175	0.492	0.00919	"HTPBTK-Ensemble"	-0.981	-0.987	33.1	23.7	-0.284	0.0302	0.0422
"Ibuprofen"	"DTXSID5020732"	"15687-27-1"	"rat"	0.399	0.992	15	5.95	0.00534	0.00674	0.136	0.116	"HTPBTK-Ensemble"	-0.145	1.49	2.04	5.93	1.91	0.49	0.169
"Alachlor"	"DTXSID1022265"	"15972-60-8"	"rat"	279	3.39	6980	12	4.1e-06	0.00233	0.138	0.196	"HTPBTK-Ensemble"	0.425	-0.988	1410	12	-0.991	0.000711	0.0834
"Chloridazon"	"DTXSID3034872"	"1698-60-8"	"rat"	3.12	0.762	64	2.63	0.0141	0.0109	0.663	0.201	"HTPBTK-Ensemble"	-0.697	-0.756	3.27	2.63	-0.196	0.306	0.381
"Boscalid"	"DTXSID6034392"	"188425-85-6"	"rat"	53.6	0.973	37.1	6.83	0.00277	0.00547	21.5	0.0987	"HTPBTK-Ensemble"	-0.995	-0.982	1.72	6.83	2.96	0.58	0.146
"Propyzamide"	"DTXSID2020420"	"23950-58-5"	"rat"	20.1	2.63	347	7.36	0.00288	0.00467	0.207	0.248	"HTPBTK-Ensemble"	0.2	-0.869	67.3	7.35	-0.891	0.0148	0.136
"Propamocarb hydrochloride"	"DTXSID6034849"	"25606-41-1"	"rat"	8.1	2.15	487	2.94	1.42e-05	0.00673	0.0115	0.506	"HTPBTK-Ensemble"	42.8	-0.735	487	2.94	-0.994	0.00206	0.34
"S-Bioallethrin"	"DTXSID2039336"	"28434-00-6"	"rat"	65	6.75	2160	104	2.75e-05	0.000227	0.151	0.045	"HTPBTK-Ensemble"	-0.702	-0.896	298	104	-0.652	0.00335	0.00962
"Alprazolam"	"DTXSID4022577"	"28981-97-7"	"rat"	NA	1.58	NA	5.97	NA	0.00435	0.0415	0.183	"HTPBTK-Ensemble"	3.4	NA	NA	5.99	NA	NA	0.167
"Ephedrine"	"DTXSID0022985"	"299-42-3"	"rat"	14.5	5.14	313	1.75	0.00216	0.0174	0.134	2.03	"HTPBTK-Ensemble"	14.1	-0.646	75.1	1.75	-0.977	0.0133	0.57
"Triclosan"	"DTXSID5032498"	"3380-34-5"	"rat"	8.61	0.528	420	101	NA	0.000407	0.0142	0.00363	"HTPBTK-Ensemble"	-0.745	-0.939	420	101	-0.76	0.00238	0.00993
"Diltiazem"	"DTXSID50881104"	"34933-06-7"	"rat"	7.01	3.04	135	3.54	0.00741	0.00914	0.0359	0.598	"HTPBTK-Ensemble"	15.7	-0.567	135	3.52	-0.974	0.00738	0.284
"Oxymetholone"	"DTXSID5023794"	"434-07-1"	"rat"	4.11	0.951	316	5.83	0.000587	0.00536	0.0663	0.113	"HTPBTK-Ensemble"	0.703	-0.768	42.9	5.84	-0.864	0.0233	0.171
"Imipramine"	"DTXSID1043881"	"50-49-7"	"rat"	NA	6.91	NA	23.7	NA	0.001	0.00521	0.202	"HTPBTK-Ensemble"	37.8	NA	NA	23.7	NA	NA	0.0422
"[4-Chloro-6-(2,3-xylidino)-2-pyrimidinylthio]acetic acid"	"DTXSID4020290"	"50892-23-4"	"rat"	1.04	0.25	30.1	5.01	0.0154	0.00779	0.41	0.0347	"HTPBTK-Ensemble"	-0.915	-0.759	1.76	5	1.85	0.57	0.2
"Permethrin"	"DTXSID8022292"	"52645-53-1"	"rat"	100	15.2	525	827	0.0019	4.3e-05	0.132	0.0127	"HTPBTK-Ensemble"	-0.904	-0.848	525	830	0.581	0.00191	0.0012
"Bromochloroacetic acid"	"DTXSID4024642"	"5589-96-8"	"rat"	1.74	0.777	209	3.19	0.00403	0.00589	0.037	0.169	"HTPBTK-Ensemble"	3.57	-0.554	32.7	3.19	-0.902	0.0306	0.314
"Oxoacetic acid--water (1/1)"	"DTXSID30575892"	"563-96-2"	"rat"	0.549	0.854	243	1.02	NA	0.0311	0.00587	0.582	"HTPBTK-Ensemble"	98.1	0.556	64.7	1.02	-0.984	0.0154	0.983
"5,5-Diphenylhydantoin"	"DTXSID8020541"	"57-41-0"	"rat"	0.355	1.09	217	4.93	0.000526	0.00608	0.0378	0.153	"HTPBTK-Ensemble"	3.05	2.06	6.51	4.92	-0.244	0.154	0.203
"Midazolam"	"DTXSID5023320"	"59467-70-8"	"human"	0.855	1.35	49.9	11	NA	0.00197	0.0296	0.0854	"HTPBTK-Ensemble"	1.89	0.583	20.1	11	-0.452	0.0499	0.091
"Midazolam"	"DTXSID5023320"	"59467-70-8"	"rat"	NA	1.46	NA	18.6	NA	0.00138	0.0254	0.0542	"HTPBTK-Ensemble"	1.13	NA	NA	18.6	NA	NA	0.0537
"Cyclosporin A"	"DTXSID0020365"	"59865-13-3"	"rat"	1.44	1.9	20	22.1	NA	0.00011	0.289	0.0598	"HTPBTK-Ensemble"	-0.793	0.319	3.46	22	5.37	0.289	0.0454
"Phenazone"	"DTXSID6021117"	"60-80-0"	"rat"	12	0.844	118	1.93	NA	0.0129	0.0707	0.303	"HTPBTK-Ensemble"	3.29	-0.93	118	1.93	-0.984	0.00846	0.518
"Fenarimol"	"DTXSID2032390"	"60168-88-9"	"rat"	18.9	2.03	147	9.95	0.00159	0.00369	0.761	0.142	"HTPBTK-Ensemble"	-0.813	-0.892	17.2	9.93	-0.422	0.0582	0.101
"Oxazepam"	"DTXSID1021087"	"604-75-1"	"rat"	36.8	0.775	11.8	4.12	0.0227	0.00849	40.9	0.13	"HTPBTK-Ensemble"	-0.997	-0.979	0.623	4.13	5.63	1.6	0.242
"Phenacetin"	"DTXSID1021116"	"62-44-2"	"human"	1.41	1.17	31.7	1.74	0.0174	0.0103	0.0309	0.465	"HTPBTK-Ensemble"	14	-0.172	31.7	1.75	-0.945	0.0316	0.573
"Phenacetin"	"DTXSID1021116"	"62-44-2"	"rat"	0.62	1.17	12.8	3.12	0.017	0.00702	0.0337	0.261	"HTPBTK-Ensemble"	6.74	0.887	12.8	3.11	-0.756	0.0784	0.322
"1-Naphthalenol, 1-(N-methylcarbamate)"	"DTXSID9020247"	"63-25-2"	"rat"	52	1.32	7600	12	1.84e-05	0.000596	0.0153	0.076	"HTPBTK-Ensemble"	3.97	-0.975	2360	12	-0.995	0.000424	0.0833
"Dibromoacetic acid"	"DTXSID1023815"	"631-64-1"	"rat"	0.92	0.74	69.2	3.1	0.0145	0.00799	0.0775	0.165	"HTPBTK-Ensemble"	1.13	-0.195	8.23	3.11	-0.622	0.122	0.322
"Tolbutamide"	"DTXSID8021359"	"64-77-7"	"rat"	0.202	0.261	0.733	4.98	1.36	0.00664	0.307	0.0363	"HTPBTK-Ensemble"	-0.882	0.289	0.456	4.98	9.91	2.19	0.201
"2-Methylimidazole"	"DTXSID4022107"	"693-98-1"	"rat"	2.09	2.6	62.7	1.51	0.0159	0.0188	0.0748	1.19	"HTPBTK-Ensemble"	14.9	0.245	19.3	1.51	-0.922	0.0517	0.66
"Bensulide"	"DTXSID9032329"	"741-58-2"	"rat"	6.4	2.54	268	49	2.94e-05	0.000679	0.109	0.0359	"HTPBTK-Ensemble"	-0.672	-0.604	40.6	49	0.207	0.0246	0.0204
"Formamide"	"DTXSID8025337"	"75-12-7"	"rat"	0.767	0.776	0.924	1.27	1.08	0.0224	0.575	0.423	"HTPBTK-Ensemble"	-0.264	0.012	0.924	1.27	0.376	1.08	0.786
"Nilvadipine"	"DTXSID2046624"	"75530-68-6"	"rat"	14.2	0.599	527	14.1	0.000192	0.00212	0.131	0.0295	"HTPBTK-Ensemble"	-0.775	-0.958	74.9	14.1	-0.812	0.0134	0.071
"Dichloroacetic acid"	"DTXSID2020428"	"79-43-6"	"rat"	5.57	0.778	5.79	3.23	0.173	0.00506	13.4	0.167	"HTPBTK-Ensemble"	-0.988	-0.86	0.288	3.23	10.2	3.47	0.31
"Bisphenol A"	"DTXSID7020182"	"80-05-7"	"rat"	14.2	9.44	427	12.4	0.00021	0.00323	0.32	0.529	"HTPBTK-Ensemble"	0.656	-0.336	30.9	12.4	-0.599	0.0324	0.0808
"4-Methylimidazole"	"DTXSID9025617"	"822-36-6"	"rat"	3.69	1.73	43.1	1.47	0.0232	0.0186	0.357	0.814	"HTPBTK-Ensemble"	1.28	-0.532	7.15	1.47	-0.794	0.14	0.68
"Anthraquinone"	"DTXSID3020095"	"84-65-1"	"rat"	7.66	2.4	176	9.98	0.00236	0.00322	0.218	0.167	"HTPBTK-Ensemble"	-0.234	-0.686	24.4	9.97	-0.591	0.041	0.1
"Pentachlorophenol"	"DTXSID7021106"	"87-86-5"	"rat"	0.16	5.99	0.483	3.71	0.978	0.0112	0.638	1.12	"HTPBTK-Ensemble"	0.755	36.5	0.173	3.71	20.4	5.77	0.27
"Propylparaben"	"DTXSID4022527"	"94-13-3"	"rat"	NA	1.99	NA	19.9	NA	0.000475	2.37	0.0695	"HTPBTK-Ensemble"	-0.971	NA	NA	19.9	NA	NA	0.0503
"2,4-Dichlorophenoxyacetic acid"	"DTXSID0020442"	"94-75-7"	"rat"	0.0881	0.334	22.1	15.5	0.0452	0.00186	0.0257	0.0149	"HTPBTK-Ensemble"	-0.42	2.79	2.38	15.5	5.53	0.421	0.0645
"Diazoxon"	"DTXSID5037523"	"962-58-3"	"rat"	5.11	1.18	32.8	9.01	0.0227	0.000852	6.16	0.0911	"HTPBTK-Ensemble"	-0.985	-0.768	0.576	9.01	14.7	1.74	0.111
"Isoeugenol"	"DTXSID7022413"	"97-54-1"	"rat"	65.5	2.25	1770	6.99	0.000142	0.00418	0.436	0.223	"HTPBTK-Ensemble"	-0.489	-0.966	104	7	-0.933	0.0096	0.143
"Valproic acid"	"DTXSID6023733"	"99-66-1"	"rat"	0.363	0.313	14.1	6.27	NA	0.00292	0.288	0.0345	"HTPBTK-Ensemble"	-0.88	-0.14	0.875	6.28	6.18	1.14	0.159
"Ondansetron"	"DTXSID8023393"	"99614-02-5"	"rat"	0.345	4.34	478	5.96	6.4e-05	0.00508	0.021	0.506	"HTPBTK-Ensemble"	23.1	11.6	11.4	5.95	-0.478	0.0878	0.168
"Resmethrin"	"DTXSID7022253"	"10453-86-8"	"rat"	141	9.03	5280	423	9.56e-05	8.76e-05	0.334	7620	"HTPBTK-YRandom"	22800	-0.936	292	0.000821	-1	0.00342	1220
"Tamoxifen"	"DTXSID1034187"	"10540-29-1"	"rat"	49.9	8.55	527	17.4	NA	0.00218	0.0656	246	"HTPBTK-YRandom"	3750	-0.829	527	0.0241	-1	0.0019	41.6
"Cyclanilide"	"DTXSID5032600"	"113136-77-9"	"rat"	0.307	0.548	3.31	0.872	0.107	0.0471	0.235	0.558	"HTPBTK-YRandom"	1.37	0.785	0.906	0.681	-0.248	1.1	1.47
"Novaluron"	"DTXSID5034773"	"116714-46-6"	"rat"	8.97	6.16	26	622	0.0276	1.41e-05	1.64	1620	"HTPBTK-YRandom"	986	-0.313	3.79	0.00263	-0.999	0.264	380
"Benzophenone"	"DTXSID0021961"	"119-61-9"	"rat"	22.9	2.91	450	1.12	0.00176	0.036	0.363	184	"HTPBTK-YRandom"	505	-0.873	43.6	0.011	-1	0.0229	91
"Simazine"	"DTXSID4021268"	"122-34-9"	"rat"	2.74	0.883	215	11	0.000217	0.00318	0.0088	10.4	"HTPBTK-YRandom"	1180	-0.677	215	0.0589	-1	0.00464	17
"C.I. Solvent Red 1"	"DTXSID3061635"	"1229-55-6"	"rat"	NA	1.62	NA	1.44	NA	0.029	0.00146	325	"HTPBTK-YRandom"	223000	NA	NA	0.00346	NA	NA	289
"Thiodiglycolic acid"	"DTXSID1051432"	"123-93-3"	"rat"	2.14	0.374	133	1.09	NA	0.032	0.138	163	"HTPBTK-YRandom"	1170	-0.826	10.7	0.0016	-1	0.0932	627
"Pyrithiobac sodium"	"DTXSID8032673"	"123343-16-8"	"rat"	0.31	0.323	15.5	0.0208	0.0645	2	0.148	157	"HTPBTK-YRandom"	1060	0.04	1.45	0.00142	-0.999	0.69	702
"Primidone"	"DTXSID7023510"	"125-33-7"	"rat"	NA	0.485	NA	4.69	NA	0.00544	0.124	1.64	"HTPBTK-YRandom"	12.2	NA	NA	0.205	NA	NA	4.89
"1-Chloro-2-propanol"	"DTXSID5020285"	"127-00-4"	"rat"	NA	0.445	NA	3.28	NA	0.0116	0.017	155	"HTPBTK-YRandom"	9120	NA	NA	0.00199	NA	NA	502
"2-Hydroxy-4-methoxybenzophenone"	"DTXSID3022405"	"131-57-7"	"rat"	26.9	2.72	905	0.234	2.43e-05	0.176	0.368	42.1	"HTPBTK-YRandom"	113	-0.899	50.5	0.0447	-0.999	0.0198	22.4
"Imidacloprid"	"DTXSID5032442"	"138261-41-3"	"rat"	NA	0.488	NA	0.23	NA	0.181	3.23	1.62	"HTPBTK-YRandom"	-0.499	NA	NA	0.209	NA	NA	4.79
"Flufenacet"	"DTXSID2032552"	"142459-58-3"	"rat"	62.6	2.71	6640	0.00584	1.91e-06	7.14	0.168	38.6	"HTPBTK-YRandom"	228	-0.957	258	0.0487	-1	0.00388	20.6
"Bosentan"	"DTXSID7046627"	"147536-97-8"	"rat"	2.62	1.67	31.3	2.92	0.00854	0.0069	0.0581	4.69	"HTPBTK-YRandom"	79.7	-0.362	31.3	0.247	-0.992	0.032	4.04
"Diclofenac"	"DTXSID6022923"	"15307-86-5"	"rat"	NA	24.4	NA	3.06	NA	0.0136	0.277	490	"HTPBTK-YRandom"	1770	NA	NA	0.0345	NA	NA	29
"Etoxazole"	"DTXSID8034586"	"153233-91-1"	"rat"	23.5	3.82	844	2.26	0.00045	0.017	0.492	15.1	"HTPBTK-YRandom"	29.8	-0.837	33.1	0.175	-0.995	0.0302	5.72
"Ibuprofen"	"DTXSID5020732"	"15687-27-1"	"rat"	0.399	4.77	15	0.00135	0.00534	30.8	0.136	191	"HTPBTK-YRandom"	1410	11	2.04	0.0173	-0.992	0.49	57.8
"Alachlor"	"DTXSID1022265"	"15972-60-8"	"rat"	279	3.63	6980	1.29	4.1e-06	0.0303	0.138	84.4	"HTPBTK-YRandom"	612	-0.987	1410	0.0299	-1	0.000711	33.5
"Chloridazon"	"DTXSID3034872"	"1698-60-8"	"rat"	3.12	0.484	64	0.00161	0.0141	25.8	0.663	170	"HTPBTK-YRandom"	256	-0.845	3.27	0.00197	-0.999	0.306	507
"Boscalid"	"DTXSID6034392"	"188425-85-6"	"rat"	53.6	1.73	37.1	1.11	0.00277	0.0343	21.5	26.6	"HTPBTK-YRandom"	0.236	-0.968	1.72	0.045	-0.974	0.58	22.2
"Propyzamide"	"DTXSID2020420"	"23950-58-5"	"rat"	20.1	2.94	347	2.26	0.00288	0.0182	0.207	10.8	"HTPBTK-YRandom"	51.2	-0.854	67.3	0.189	-0.997	0.0148	5.3
"Propamocarb hydrochloride"	"DTXSID6034849"	"25606-41-1"	"rat"	8.1	1.09	487	0.92	1.42e-05	0.0385	0.0115	159	"HTPBTK-YRandom"	13800	-0.865	487	0.00477	-1	0.00206	210
"S-Bioallethrin"	"DTXSID2039336"	"28434-00-6"	"rat"	65	5.89	2160	49.9	2.75e-05	0.000728	0.151	228	"HTPBTK-YRandom"	1510	-0.909	298	0.0179	-1	0.00335	55.8
"Alprazolam"	"DTXSID4022577"	"28981-97-7"	"rat"	NA	1.69	NA	0.437	NA	0.0921	0.0415	8.75	"HTPBTK-YRandom"	210	NA	NA	0.134	NA	NA	7.46
"Ephedrine"	"DTXSID0022985"	"299-42-3"	"rat"	14.5	1.94	313	3.91	0.00216	0.00818	0.134	5.81	"HTPBTK-YRandom"	42.4	-0.866	75.1	0.232	-0.997	0.0133	4.32
"Triclosan"	"DTXSID5032498"	"3380-34-5"	"rat"	8.61	6	420	2.01	NA	0.0204	0.0142	356	"HTPBTK-YRandom"	25000	-0.303	420	0.0117	-1	0.00238	85.5
"Diltiazem"	"DTXSID50881104"	"34933-06-7"	"rat"	7.01	2.86	135	12	0.00741	0.00228	0.0359	8.98	"HTPBTK-YRandom"	249	-0.592	135	0.221	-0.998	0.00738	4.53
"Oxymetholone"	"DTXSID5023794"	"434-07-1"	"rat"	4.11	1.54	316	0.168	0.000587	0.248	0.0663	19.4	"HTPBTK-YRandom"	291	-0.626	42.9	0.0549	-0.999	0.0233	18.2
"Imipramine"	"DTXSID1043881"	"50-49-7"	"rat"	NA	7.84	NA	3.88	NA	0.00855	0.00521	16.4	"HTPBTK-YRandom"	3140	NA	NA	0.332	NA	NA	3.01
"[4-Chloro-6-(2,3-xylidino)-2-pyrimidinylthio]acetic acid"	"DTXSID4020290"	"50892-23-4"	"rat"	1.04	0.541	30.1	5.26	0.0154	0.00763	0.41	5.57	"HTPBTK-YRandom"	12.6	-0.479	1.76	0.0674	-0.962	0.57	14.8
"Permethrin"	"DTXSID8022292"	"52645-53-1"	"rat"	100	15.5	525	186	0.0019	0.000222	0.132	4320	"HTPBTK-YRandom"	32700	-0.845	525	0.00248	-1	0.00191	403
"Bromochloroacetic acid"	"DTXSID4024642"	"5589-96-8"	"rat"	1.74	0.468	209	0.858	0.00403	0.0453	0.037	3.89	"HTPBTK-YRandom"	104	-0.731	32.7	0.0833	-0.997	0.0306	12
"Oxoacetic acid--water (1/1)"	"DTXSID30575892"	"563-96-2"	"rat"	0.549	0.324	243	0.0945	NA	0.441	0.00587	6.3	"HTPBTK-YRandom"	1070	-0.409	64.7	0.0357	-0.999	0.0154	28
"5,5-Diphenylhydantoin"	"DTXSID8020541"	"57-41-0"	"rat"	0.355	1.21	217	0.149	0.000526	0.28	0.0378	7.15	"HTPBTK-YRandom"	188	2.42	6.51	0.118	-0.982	0.154	8.51
"Midazolam"	"DTXSID5023320"	"59467-70-8"	"human"	0.855	1.71	49.9	2.28	NA	0.0139	0.0296	491	"HTPBTK-YRandom"	16600	0.999	20.1	0.00241	-1	0.0499	415
"Midazolam"	"DTXSID5023320"	"59467-70-8"	"rat"	NA	2.17	NA	3.46	NA	0.00936	0.0254	196	"HTPBTK-YRandom"	7680	NA	NA	0.00768	NA	NA	130
"Cyclosporin A"	"DTXSID0020365"	"59865-13-3"	"rat"	1.44	2.08	20	21.7	NA	0.00183	0.289	342	"HTPBTK-YRandom"	1180	0.439	3.46	0.0042	-0.999	0.289	238
"Phenazone"	"DTXSID6021117"	"60-80-0"	"rat"	12	0.367	118	3.92	NA	0.0088	0.0707	3.93	"HTPBTK-YRandom"	54.5	-0.97	118	0.0648	-0.999	0.00846	15.4
"Fenarimol"	"DTXSID2032390"	"60168-88-9"	"rat"	18.9	4.01	147	388	0.00159	0.000105	0.761	199	"HTPBTK-YRandom"	261	-0.787	17.2	0.0139	-0.999	0.0582	71.7
"Oxazepam"	"DTXSID1021087"	"604-75-1"	"rat"	36.8	1.16	11.8	3.72	0.0227	0.00852	40.9	7.04	"HTPBTK-YRandom"	-0.828	-0.969	0.623	0.114	-0.817	1.6	8.79
"Phenacetin"	"DTXSID1021116"	"62-44-2"	"human"	1.41	0.731	31.7	0.083	0.0174	0.502	0.0309	36.8	"HTPBTK-YRandom"	1190	-0.483	31.7	0.0138	-1	0.0316	72.5
"Phenacetin"	"DTXSID1021116"	"62-44-2"	"rat"	0.62	0.749	12.8	0.298	0.017	0.14	0.0337	14	"HTPBTK-YRandom"	413	0.208	12.8	0.0372	-0.997	0.0784	26.9
"1-Naphthalenol, 1-(N-methylcarbamate)"	"DTXSID9020247"	"63-25-2"	"rat"	52	1.21	7600	0.964	1.84e-05	0.0361	0.0153	12.4	"HTPBTK-YRandom"	811	-0.977	2360	0.0674	-1	0.000424	14.8
"Dibromoacetic acid"	"DTXSID1023815"	"631-64-1"	"rat"	0.92	0.489	69.2	19.3	0.0145	0.00166	0.0775	174	"HTPBTK-YRandom"	2240	-0.468	8.23	0.00195	-1	0.122	512
"Tolbutamide"	"DTXSID8021359"	"64-77-7"	"rat"	0.202	0.33	0.733	2.28	1.36	0.0176	0.307	6.86	"HTPBTK-YRandom"	21.3	0.631	0.456	0.0333	-0.927	2.19	30
"2-Methylimidazole"	"DTXSID4022107"	"693-98-1"	"rat"	2.09	0.827	62.7	3.85	0.0159	0.01	0.0748	10.6	"HTPBTK-YRandom"	141	-0.604	19.3	0.0541	-0.997	0.0517	18.5
"Bensulide"	"DTXSID9032329"	"741-58-2"	"rat"	6.4	4.74	268	1.27	2.94e-05	0.0326	0.109	222	"HTPBTK-YRandom"	2020	-0.261	40.6	0.0148	-1	0.0246	67.5
"Formamide"	"DTXSID8025337"	"75-12-7"	"rat"	0.767	0.363	0.924	1.7	1.08	0.0244	0.575	2.48	"HTPBTK-YRandom"	3.32	-0.527	0.924	0.101	-0.89	1.08	9.87
"Nilvadipine"	"DTXSID2046624"	"75530-68-6"	"rat"	14.2	1.39	527	0.535	0.000192	0.0718	0.131	6.28	"HTPBTK-YRandom"	46.8	-0.902	74.9	0.153	-0.998	0.0134	6.52
"Dichloroacetic acid"	"DTXSID2020428"	"79-43-6"	"rat"	5.57	0.411	5.79	6.55	0.173	0.00636	13.4	6.4	"HTPBTK-YRandom"	-0.523	-0.926	0.288	0.0445	-0.845	3.47	22.4
"Bisphenol A"	"DTXSID7020182"	"80-05-7"	"rat"	14.2	16.1	427	8.56	0.00021	0.00463	0.32	67.2	"HTPBTK-YRandom"	209	0.134	30.9	0.166	-0.995	0.0324	6.01
"4-Methylimidazole"	"DTXSID9025617"	"822-36-6"	"rat"	3.69	0.557	43.1	0.00379	0.0232	11	0.357	341	"HTPBTK-YRandom"	953	-0.849	7.15	0.00113	-1	0.14	882
"Anthraquinone"	"DTXSID3020095"	"84-65-1"	"rat"	7.66	2.48	176	0.00203	0.00236	20.5	0.218	43.1	"HTPBTK-YRandom"	197	-0.677	24.4	0.0398	-0.998	0.041	25.1
"Pentachlorophenol"	"DTXSID7021106"	"87-86-5"	"rat"	0.16	31.4	0.483	3.16e-05	0.978	1320	0.638	512	"HTPBTK-YRandom"	801	196	0.173	0.0425	-0.755	5.77	23.5
"Propylparaben"	"DTXSID4022527"	"94-13-3"	"rat"	NA	2.08	NA	0.00463	NA	8.99	2.37	25.7	"HTPBTK-YRandom"	9.85	NA	NA	0.0563	NA	NA	17.8
"2,4-Dichlorophenoxyacetic acid"	"DTXSID0020442"	"94-75-7"	"rat"	0.0881	0.73	22.1	0.136	0.0452	0.306	0.0257	4.67	"HTPBTK-YRandom"	181	7.28	2.38	0.108	-0.954	0.421	9.23
"Diazoxon"	"DTXSID5037523"	"962-58-3"	"rat"	5.11	1.02	32.8	34.7	0.0227	0.0012	6.16	3.4	"HTPBTK-YRandom"	-0.448	-0.801	0.576	0.207	-0.64	1.74	4.82
"Isoeugenol"	"DTXSID7022413"	"97-54-1"	"rat"	65.5	2.06	1770	0.00548	0.000142	7.61	0.436	21.7	"HTPBTK-YRandom"	48.7	-0.969	104	0.0658	-0.999	0.0096	15.2
"Valproic acid"	"DTXSID6023733"	"99-66-1"	"rat"	0.363	0.341	14.1	7.81	NA	0.00515	0.288	169	"HTPBTK-YRandom"	584	-0.0611	0.875	0.0014	-0.998	1.14	713
"Ondansetron"	"DTXSID8023393"	"99614-02-5"	"rat"	0.345	3.75	478	11.3	6.4e-05	0.00364	0.021	27.7	"HTPBTK-YRandom"	1320	9.87	11.4	0.0937	-0.992	0.0878	10.7
"C.I. Solvent Red 1"	"DTXSID3061635"	"1229-55-6"	"rat"	NA	NA	NA	NA	NA	0.00879	0.00146	NA	"QSARINS-Chem"	NA	NA	NA	NA	NA	NA	NA
"Thiodiglycolic acid"	"DTXSID1051432"	"123-93-3"	"rat"	2.14	NA	133	31.5	NA	0.274	0.138	0.0146	"QSARINS-Chem"	-0.895	-0.691	10.7	31.5	1.93	0.0932	0.0318
"Primidone"	"DTXSID7023510"	"125-33-7"	"rat"	NA	NA	NA	NA	NA	0.16	0.124	NA	"QSARINS-Chem"	NA	NA	NA	NA	NA	NA	NA
"Primidone"	"DTXSID7023510"	"125-33-7"	"rat"	NA	NA	NA	NA	NA	0.16	0.124	NA	"QSARINS-Chem"	NA	NA	NA	NA	NA	NA	NA
"Primidone"	"DTXSID7023510"	"125-33-7"	"rat"	NA	NA	NA	NA	NA	0.16	0.124	NA	"QSARINS-Chem"	NA	NA	NA	NA	NA	NA	NA
"1-Chloro-2-propanol"	"DTXSID5020285"	"127-00-4"	"rat"	NA	NA	NA	NA	NA	0.0565	0.017	NA	"QSARINS-Chem"	NA	NA	NA	NA	NA	NA	NA
"1-Chloro-2-propanol"	"DTXSID5020285"	"127-00-4"	"rat"	NA	NA	NA	NA	NA	0.0565	0.017	NA	"QSARINS-Chem"	NA	NA	NA	NA	NA	NA	NA
"1-Chloro-2-propanol"	"DTXSID5020285"	"127-00-4"	"rat"	NA	NA	NA	NA	NA	0.0565	0.017	NA	"QSARINS-Chem"	NA	NA	NA	NA	NA	NA	NA
"Diclofenac"	"DTXSID6022923"	"15307-86-5"	"rat"	NA	NA	NA	NA	NA	0.003	0.277	NA	"QSARINS-Chem"	NA	NA	NA	NA	NA	NA	NA
"S-Bioallethrin"	"DTXSID2039336"	"28434-00-6"	"rat"	65	NA	2160	NA	2.75e-05	0.00281	0.151	NA	"QSARINS-Chem"	NA	-0.896	298	NA	NA	0.00335	NA
"S-Bioallethrin"	"DTXSID2039336"	"28434-00-6"	"rat"	65	NA	2160	NA	2.75e-05	0.00281	0.151	NA	"QSARINS-Chem"	NA	-0.896	298	NA	NA	0.00335	NA
"Ephedrine"	"DTXSID0022985"	"299-42-3"	"rat"	14.5	NA	313	NA	0.00216	0.0239	0.134	NA	"QSARINS-Chem"	NA	-0.646	75.1	NA	NA	0.0133	NA
"Ephedrine"	"DTXSID0022985"	"299-42-3"	"rat"	14.5	NA	313	NA	0.00216	0.0239	0.134	NA	"QSARINS-Chem"	NA	-0.646	75.1	NA	NA	0.0133	NA
"Ephedrine"	"DTXSID0022985"	"299-42-3"	"rat"	14.5	NA	313	NA	0.00216	0.0239	0.134	NA	"QSARINS-Chem"	NA	-0.646	75.1	NA	NA	0.0133	NA
"Ephedrine"	"DTXSID0022985"	"299-42-3"	"rat"	14.5	NA	313	NA	0.00216	0.0239	0.134	NA	"QSARINS-Chem"	NA	-0.646	75.1	NA	NA	0.0133	NA
"Diltiazem"	"DTXSID50881104"	"34933-06-7"	"rat"	7.01	NA	135	20.3	0.00741	0.00914	0.0359	0.104	"QSARINS-Chem"	1.9	-0.567	135	20.3	-0.85	0.00738	0.0494
"Diltiazem"	"DTXSID50881104"	"34933-06-7"	"rat"	7.01	NA	135	20.3	0.00741	0.00914	0.0359	0.104	"QSARINS-Chem"	1.9	-0.567	135	20.3	-0.85	0.00738	0.0494
"Oxymetholone"	"DTXSID5023794"	"434-07-1"	"rat"	4.11	NA	316	5.36	0.000587	0.00532	0.0663	0.123	"QSARINS-Chem"	0.854	-0.768	42.9	5.36	-0.875	0.0233	0.186
"Oxymetholone"	"DTXSID5023794"	"434-07-1"	"rat"	4.11	NA	316	5.36	0.000587	0.00532	0.0663	0.123	"QSARINS-Chem"	0.854	-0.768	42.9	5.36	-0.875	0.0233	0.186
"Oxymetholone"	"DTXSID5023794"	"434-07-1"	"rat"	4.11	NA	316	5.36	0.000587	0.00532	0.0663	0.123	"QSARINS-Chem"	0.854	-0.768	42.9	5.36	-0.875	0.0233	0.186
"Oxoacetic acid--water (1/1)"	"DTXSID30575892"	"563-96-2"	"rat"	0.549	NA	243	64.1	NA	0.0311	0.00587	0.00923	"QSARINS-Chem"	0.572	0.556	64.7	64.1	-0.00972	0.0154	0.0156
"Cyclosporin A"	"DTXSID0020365"	"59865-13-3"	"rat"	1.44	NA	20	11.3	NA	0.0237	0.289	0.117	"QSARINS-Chem"	-0.595	0.319	3.46	11.3	2.26	0.289	0.0888
"Cyclosporin A"	"DTXSID0020365"	"59865-13-3"	"rat"	1.44	NA	20	11.3	NA	0.0237	0.289	0.117	"QSARINS-Chem"	-0.595	0.319	3.46	11.3	2.26	0.289	0.0888
"Cyclosporin A"	"DTXSID0020365"	"59865-13-3"	"rat"	1.44	NA	20	11.3	NA	0.0237	0.289	0.117	"QSARINS-Chem"	-0.595	0.319	3.46	11.3	2.26	0.289	0.0888
"Cyclosporin A"	"DTXSID0020365"	"59865-13-3"	"rat"	1.44	NA	20	11.3	NA	0.0237	0.289	0.117	"QSARINS-Chem"	-0.595	0.319	3.46	11.3	2.26	0.289	0.0888
"2-Methylimidazole"	"DTXSID4022107"	"693-98-1"	"rat"	2.09	NA	62.7	47.6	0.0159	0.133	0.0748	0.0379	"QSARINS-Chem"	-0.493	0.245	19.3	47.6	1.46	0.0517	0.021
"2-Methylimidazole"	"DTXSID4022107"	"693-98-1"	"rat"	2.09	NA	62.7	47.6	0.0159	0.133	0.0748	0.0379	"QSARINS-Chem"	-0.493	0.245	19.3	47.6	1.46	0.0517	0.021
"2-Methylimidazole"	"DTXSID4022107"	"693-98-1"	"rat"	2.09	NA	62.7	47.6	0.0159	0.133	0.0748	0.0379	"QSARINS-Chem"	-0.493	0.245	19.3	47.6	1.46	0.0517	0.021
"2-Methylimidazole"	"DTXSID4022107"	"693-98-1"	"rat"	2.09	NA	62.7	47.6	0.0159	0.133	0.0748	0.0379	"QSARINS-Chem"	-0.493	0.245	19.3	47.6	1.46	0.0517	0.021
"Nilvadipine"	"DTXSID2046624"	"75530-68-6"	"rat"	14.2	NA	527	7.04	0.000192	0.00435	0.131	0.059	"QSARINS-Chem"	-0.551	-0.958	74.9	7.04	-0.906	0.0134	0.142
"Nilvadipine"	"DTXSID2046624"	"75530-68-6"	"rat"	14.2	NA	527	7.04	0.000192	0.00435	0.131	0.059	"QSARINS-Chem"	-0.551	-0.958	74.9	7.04	-0.906	0.0134	0.142
"4-Methylimidazole"	"DTXSID9025617"	"822-36-6"	"rat"	3.69	NA	43.1	31.6	0.0232	0.138	0.357	0.0379	"QSARINS-Chem"	-0.894	-0.532	7.15	31.6	3.42	0.14	0.0317
"4-Methylimidazole"	"DTXSID9025617"	"822-36-6"	"rat"	3.69	NA	43.1	31.6	0.0232	0.138	0.357	0.0379	"QSARINS-Chem"	-0.894	-0.532	7.15	31.6	3.42	0.14	0.0317
"4-Methylimidazole"	"DTXSID9025617"	"822-36-6"	"rat"	3.69	NA	43.1	31.6	0.0232	0.138	0.357	0.0379	"QSARINS-Chem"	-0.894	-0.532	7.15	31.6	3.42	0.14	0.0317
"4-Methylimidazole"	"DTXSID9025617"	"822-36-6"	"rat"	3.69	NA	43.1	31.6	0.0232	0.138	0.357	0.0379	"QSARINS-Chem"	-0.894	-0.532	7.15	31.6	3.42	0.14	0.0317
"Anthraquinone"	"DTXSID3020095"	"84-65-1"	"rat"	7.66	NA	176	23.3	0.00236	0.00321	0.218	0.0715	"QSARINS-Chem"	-0.672	-0.686	24.4	23.3	-0.044	0.041	0.0429
"Anthraquinone"	"DTXSID3020095"	"84-65-1"	"rat"	7.66	NA	176	23.3	0.00236	0.00321	0.218	0.0715	"QSARINS-Chem"	-0.672	-0.686	24.4	23.3	-0.044	0.041	0.0429
"Anthraquinone"	"DTXSID3020095"	"84-65-1"	"rat"	7.66	NA	176	23.3	0.00236	0.00321	0.218	0.0715	"QSARINS-Chem"	-0.672	-0.686	24.4	23.3	-0.044	0.041	0.0429
"Anthraquinone"	"DTXSID3020095"	"84-65-1"	"rat"	7.66	NA	176	23.3	0.00236	0.00321	0.218	0.0715	"QSARINS-Chem"	-0.672	-0.686	24.4	23.3	-0.044	0.041	0.0429
"Valproic acid"	"DTXSID6023733"	"99-66-1"	"rat"	0.363	NA	14.1	NA	NA	0.279	0.288	NA	"QSARINS-Chem"	NA	-0.14	0.875	NA	NA	1.14	NA
"Valproic acid"	"DTXSID6023733"	"99-66-1"	"rat"	0.363	NA	14.1	NA	NA	0.279	0.288	NA	"QSARINS-Chem"	NA	-0.14	0.875	NA	NA	1.14	NA
"Valproic acid"	"DTXSID6023733"	"99-66-1"	"rat"	0.363	NA	14.1	NA	NA	0.279	0.288	NA	"QSARINS-Chem"	NA	-0.14	0.875	NA	NA	1.14	NA
"C.I. Solvent Red 1"	"DTXSID3061635"	"1229-55-6"	"rat"	NA	NA	NA	NA	NA	0.00879	0.00146	NA	"IFS-QSAR"	NA	NA	NA	NA	NA	NA	NA
"Thiodiglycolic acid"	"DTXSID1051432"	"123-93-3"	"rat"	2.14	NA	133	28	NA	0.274	0.138	0.0164	"IFS-QSAR"	-0.882	-0.691	10.7	28	1.61	0.0932	0.0357
"Primidone"	"DTXSID7023510"	"125-33-7"	"rat"	NA	NA	NA	NA	NA	0.16	0.124	NA	"IFS-QSAR"	NA	NA	NA	NA	NA	NA	NA
"Primidone"	"DTXSID7023510"	"125-33-7"	"rat"	NA	NA	NA	NA	NA	0.16	0.124	NA	"IFS-QSAR"	NA	NA	NA	NA	NA	NA	NA
"Primidone"	"DTXSID7023510"	"125-33-7"	"rat"	NA	NA	NA	NA	NA	0.16	0.124	NA	"IFS-QSAR"	NA	NA	NA	NA	NA	NA	NA
"1-Chloro-2-propanol"	"DTXSID5020285"	"127-00-4"	"rat"	NA	NA	NA	NA	NA	0.0565	0.017	NA	"IFS-QSAR"	NA	NA	NA	NA	NA	NA	NA
"1-Chloro-2-propanol"	"DTXSID5020285"	"127-00-4"	"rat"	NA	NA	NA	NA	NA	0.0565	0.017	NA	"IFS-QSAR"	NA	NA	NA	NA	NA	NA	NA
"1-Chloro-2-propanol"	"DTXSID5020285"	"127-00-4"	"rat"	NA	NA	NA	NA	NA	0.0565	0.017	NA	"IFS-QSAR"	NA	NA	NA	NA	NA	NA	NA
"Diclofenac"	"DTXSID6022923"	"15307-86-5"	"rat"	NA	NA	NA	NA	NA	0.003	0.277	NA	"IFS-QSAR"	NA	NA	NA	NA	NA	NA	NA
"S-Bioallethrin"	"DTXSID2039336"	"28434-00-6"	"rat"	65	NA	2160	NA	2.75e-05	0.00281	0.151	NA	"IFS-QSAR"	NA	-0.896	298	NA	NA	0.00335	NA
"S-Bioallethrin"	"DTXSID2039336"	"28434-00-6"	"rat"	65	NA	2160	NA	2.75e-05	0.00281	0.151	NA	"IFS-QSAR"	NA	-0.896	298	NA	NA	0.00335	NA
"Ephedrine"	"DTXSID0022985"	"299-42-3"	"rat"	14.5	NA	313	NA	0.00216	0.0239	0.134	NA	"IFS-QSAR"	NA	-0.646	75.1	NA	NA	0.0133	NA
"Ephedrine"	"DTXSID0022985"	"299-42-3"	"rat"	14.5	NA	313	NA	0.00216	0.0239	0.134	NA	"IFS-QSAR"	NA	-0.646	75.1	NA	NA	0.0133	NA
"Ephedrine"	"DTXSID0022985"	"299-42-3"	"rat"	14.5	NA	313	NA	0.00216	0.0239	0.134	NA	"IFS-QSAR"	NA	-0.646	75.1	NA	NA	0.0133	NA
"Ephedrine"	"DTXSID0022985"	"299-42-3"	"rat"	14.5	NA	313	NA	0.00216	0.0239	0.134	NA	"IFS-QSAR"	NA	-0.646	75.1	NA	NA	0.0133	NA
"Diltiazem"	"DTXSID50881104"	"34933-06-7"	"rat"	7.01	NA	135	14.4	0.00741	0.00914	0.0359	0.146	"IFS-QSAR"	3.07	-0.567	135	14.4	-0.893	0.00738	0.0693
"Diltiazem"	"DTXSID50881104"	"34933-06-7"	"rat"	7.01	NA	135	14.4	0.00741	0.00914	0.0359	0.146	"IFS-QSAR"	3.07	-0.567	135	14.4	-0.893	0.00738	0.0693
"Oxymetholone"	"DTXSID5023794"	"434-07-1"	"rat"	4.11	NA	316	2.79	0.000587	0.00532	0.0663	0.236	"IFS-QSAR"	2.56	-0.768	42.9	2.79	-0.935	0.0233	0.358
"Oxymetholone"	"DTXSID5023794"	"434-07-1"	"rat"	4.11	NA	316	2.79	0.000587	0.00532	0.0663	0.236	"IFS-QSAR"	2.56	-0.768	42.9	2.79	-0.935	0.0233	0.358
"Oxymetholone"	"DTXSID5023794"	"434-07-1"	"rat"	4.11	NA	316	2.79	0.000587	0.00532	0.0663	0.236	"IFS-QSAR"	2.56	-0.768	42.9	2.79	-0.935	0.0233	0.358
"Oxoacetic acid--water (1/1)"	"DTXSID30575892"	"563-96-2"	"rat"	0.549	NA	243	25.5	NA	0.0311	0.00587	0.0232	"IFS-QSAR"	2.95	0.556	64.7	25.5	-0.606	0.0154	0.0392
"Cyclosporin A"	"DTXSID0020365"	"59865-13-3"	"rat"	1.44	NA	20	0.254	NA	0.0237	0.289	5.2	"IFS-QSAR"	17	0.319	3.46	0.254	-0.927	0.289	3.94
"Cyclosporin A"	"DTXSID0020365"	"59865-13-3"	"rat"	1.44	NA	20	0.254	NA	0.0237	0.289	5.2	"IFS-QSAR"	17	0.319	3.46	0.254	-0.927	0.289	3.94
"Cyclosporin A"	"DTXSID0020365"	"59865-13-3"	"rat"	1.44	NA	20	0.254	NA	0.0237	0.289	5.2	"IFS-QSAR"	17	0.319	3.46	0.254	-0.927	0.289	3.94
"Cyclosporin A"	"DTXSID0020365"	"59865-13-3"	"rat"	1.44	NA	20	0.254	NA	0.0237	0.289	5.2	"IFS-QSAR"	17	0.319	3.46	0.254	-0.927	0.289	3.94
"2-Methylimidazole"	"DTXSID4022107"	"693-98-1"	"rat"	2.09	NA	62.7	47.8	0.0159	0.133	0.0748	0.0377	"IFS-QSAR"	-0.496	0.245	19.3	47.8	1.47	0.0517	0.0209
"2-Methylimidazole"	"DTXSID4022107"	"693-98-1"	"rat"	2.09	NA	62.7	47.8	0.0159	0.133	0.0748	0.0377	"IFS-QSAR"	-0.496	0.245	19.3	47.8	1.47	0.0517	0.0209
"2-Methylimidazole"	"DTXSID4022107"	"693-98-1"	"rat"	2.09	NA	62.7	47.8	0.0159	0.133	0.0748	0.0377	"IFS-QSAR"	-0.496	0.245	19.3	47.8	1.47	0.0517	0.0209
"2-Methylimidazole"	"DTXSID4022107"	"693-98-1"	"rat"	2.09	NA	62.7	47.8	0.0159	0.133	0.0748	0.0377	"IFS-QSAR"	-0.496	0.245	19.3	47.8	1.47	0.0517	0.0209
"Nilvadipine"	"DTXSID2046624"	"75530-68-6"	"rat"	14.2	NA	527	5.75	0.000192	0.00435	0.131	0.0722	"IFS-QSAR"	-0.45	-0.958	74.9	5.75	-0.923	0.0134	0.174
"Nilvadipine"	"DTXSID2046624"	"75530-68-6"	"rat"	14.2	NA	527	5.75	0.000192	0.00435	0.131	0.0722	"IFS-QSAR"	-0.45	-0.958	74.9	5.75	-0.923	0.0134	0.174
"4-Methylimidazole"	"DTXSID9025617"	"822-36-6"	"rat"	3.69	NA	43.1	31.7	0.0232	0.138	0.357	0.0377	"IFS-QSAR"	-0.895	-0.532	7.15	31.7	3.44	0.14	0.0315
"4-Methylimidazole"	"DTXSID9025617"	"822-36-6"	"rat"	3.69	NA	43.1	31.7	0.0232	0.138	0.357	0.0377	"IFS-QSAR"	-0.895	-0.532	7.15	31.7	3.44	0.14	0.0315
"4-Methylimidazole"	"DTXSID9025617"	"822-36-6"	"rat"	3.69	NA	43.1	31.7	0.0232	0.138	0.357	0.0377	"IFS-QSAR"	-0.895	-0.532	7.15	31.7	3.44	0.14	0.0315
"4-Methylimidazole"	"DTXSID9025617"	"822-36-6"	"rat"	3.69	NA	43.1	31.7	0.0232	0.138	0.357	0.0377	"IFS-QSAR"	-0.895	-0.532	7.15	31.7	3.44	0.14	0.0315
"Anthraquinone"	"DTXSID3020095"	"84-65-1"	"rat"	7.66	NA	176	813	0.00236	0.00321	0.218	0.00205	"IFS-QSAR"	-0.991	-0.686	24.4	813	32.3	0.041	0.00123
"Anthraquinone"	"DTXSID3020095"	"84-65-1"	"rat"	7.66	NA	176	813	0.00236	0.00321	0.218	0.00205	"IFS-QSAR"	-0.991	-0.686	24.4	813	32.3	0.041	0.00123
"Anthraquinone"	"DTXSID3020095"	"84-65-1"	"rat"	7.66	NA	176	813	0.00236	0.00321	0.218	0.00205	"IFS-QSAR"	-0.991	-0.686	24.4	813	32.3	0.041	0.00123
"Anthraquinone"	"DTXSID3020095"	"84-65-1"	"rat"	7.66	NA	176	813	0.00236	0.00321	0.218	0.00205	"IFS-QSAR"	-0.991	-0.686	24.4	813	32.3	0.041	0.00123
"Valproic acid"	"DTXSID6023733"	"99-66-1"	"rat"	0.363	NA	14.1	NA	NA	0.279	0.288	NA	"IFS-QSAR"	NA	-0.14	0.875	NA	NA	1.14	NA
"Valproic acid"	"DTXSID6023733"	"99-66-1"	"rat"	0.363	NA	14.1	NA	NA	0.279	0.288	NA	"IFS-QSAR"	NA	-0.14	0.875	NA	NA	1.14	NA
"Valproic acid"	"DTXSID6023733"	"99-66-1"	"rat"	0.363	NA	14.1	NA	NA	0.279	0.288	NA	"IFS-QSAR"	NA	-0.14	0.875	NA	NA	1.14	NA
